# BTC Descriptors
# triangle_x triangle_y triangle_z center_x center_y center_z frame_number
# binary_A_loc_x binary_A_loc_y binary_A_loc_z binary_A_summary
# binary_B_loc_x binary_B_loc_y binary_B_loc_z binary_B_summary
# binary_C_loc_x binary_C_loc_y binary_C_loc_z binary_C_summary
13.228900 15.070996 20.665496 15.462691 -4.295593 -0.902953 40
16.073310 -3.154841 -0.951334 22
17.090201 -5.596911 -0.902532 11
13.224563 -4.135027 -0.854993 13
13.228900 38.609693 40.350231 19.088742 -3.708711 -1.005893 40
17.090201 -5.596911 -0.902532 11
16.073310 -3.154841 -0.951334 22
24.102717 -2.374382 -1.163812 21
13.228900 57.348502 63.105051 12.594132 -4.141685 -0.839938 40
16.073310 -3.154841 -0.951334 22
17.090201 -5.596911 -0.902532 11
4.618887 -3.673302 -0.665949 11
13.228900 63.483166 74.845389 17.229053 0.181323 -1.077979 40
16.073310 -3.154841 -0.951334 22
17.090201 -5.596911 -0.902532 11
18.523650 9.295722 -1.380070 26
13.228900 73.383344 79.887712 19.706734 -0.356933 -1.120330 40
16.073310 -3.154841 -0.951334 22
17.090201 -5.596911 -0.902532 11
25.956694 7.680953 -1.507123 10
13.228900 74.490533 86.127684 12.429727 -1.002249 -0.929610 40
16.073310 -3.154841 -0.951334 22
17.090201 -5.596911 -0.902532 11
4.125672 5.745006 -0.934964 15
13.228900 77.528760 89.746400 16.569605 1.194921 -1.092640 40
16.073310 -3.154841 -0.951334 22
17.090201 -5.596911 -0.902532 11
16.545306 12.336515 -1.424055 17
20.665496 38.609693 55.120197 18.139160 -4.035440 -0.973779 40
17.090201 -5.596911 -0.902532 11
13.224563 -4.135027 -0.854993 13
24.102717 -2.374382 -1.163812 21
20.665496 72.239362 74.845389 16.279472 -0.145406 -1.045865 40
13.224563 -4.135027 -0.854993 13
17.090201 -5.596911 -0.902532 11
18.523650 9.295722 -1.380070 26
20.665496 65.606774 77.387296 13.984347 -0.282189 -0.987702 40
13.224563 -4.135027 -0.854993 13
17.090201 -5.596911 -0.902532 11
11.638278 8.885370 -1.205581 21
20.665496 79.887712 86.912281 18.757153 -0.683662 -1.088216 40
17.090201 -5.596911 -0.902532 11
13.224563 -4.135027 -0.854993 13
25.956694 7.680953 -1.507123 10
20.665496 67.158635 86.127684 11.480145 -1.328977 -0.897496 40
13.224563 -4.135027 -0.854993 13
17.090201 -5.596911 -0.902532 11
4.125672 5.745006 -0.934964 15
20.665496 84.062901 89.746400 15.620023 0.868192 -1.060527 40
13.224563 -4.135027 -0.854993 13
17.090201 -5.596911 -0.902532 11
16.545306 12.336515 -1.424055 17
38.609693 63.105051 97.667121 15.270601 -3.881532 -0.910764 40
17.090201 -5.596911 -0.902532 11
24.102717 -2.374382 -1.163812 21
4.618887 -3.673302 -0.665949 11
38.609693 64.684627 74.845389 19.905523 0.441476 -1.148805 40
24.102717 -2.374382 -1.163812 21
17.090201 -5.596911 -0.902532 11
18.523650 9.295722 -1.380070 26
38.609693 77.387296 83.986008 17.610398 0.304693 -1.090642 40
17.090201 -5.596911 -0.902532 11
24.102717 -2.374382 -1.163812 21
11.638278 8.885370 -1.205581 21
38.609693 51.152921 79.887712 22.383204 -0.096780 -1.191156 40
24.102717 -2.374382 -1.163812 21
17.090201 -5.596911 -0.902532 11
25.956694 7.680953 -1.507123 10
38.609693 86.127684 107.826150 15.106196 -0.742096 -1.000436 40
17.090201 -5.596911 -0.902532 11
24.102717 -2.374382 -1.163812 21
4.125672 5.745006 -0.934964 15
38.609693 82.703183 89.746400 19.246074 1.455074 -1.163466 40
24.102717 -2.374382 -1.163812 21
17.090201 -5.596911 -0.902532 11
16.545306 12.336515 -1.424055 17
63.105051 74.845389 95.137792 13.410913 0.008503 -0.982850 40
17.090201 -5.596911 -0.902532 11
4.618887 -3.673302 -0.665949 11
18.523650 9.295722 -1.380070 26
63.105051 71.986682 77.387296 11.115788 -0.128281 -0.924687 40
4.618887 -3.673302 -0.665949 11
17.090201 -5.596911 -0.902532 11
11.638278 8.885370 -1.205581 21
63.105051 79.887712 120.926491 15.888594 -0.529753 -1.025201 40
17.090201 -5.596911 -0.902532 11
4.618887 -3.673302 -0.665949 11
25.956694 7.680953 -1.507123 10
47.175243 63.105051 86.127684 8.611586 -1.175069 -0.834482 40
4.618887 -3.673302 -0.665949 11
4.125672 5.745006 -0.934964 15
17.090201 -5.596911 -0.902532 11
63.105051 89.746400 99.890992 12.751464 1.022101 -0.997512 40
17.090201 -5.596911 -0.902532 11
4.618887 -3.673302 -0.665949 11
16.545306 12.336515 -1.424055 17
34.498984 74.845389 77.387296 15.750710 4.194727 -1.162728 40
18.523650 9.295722 -1.380070 26
11.638278 8.885370 -1.205581 21
17.090201 -5.596911 -0.902532 11
38.037396 74.845389 79.887712 20.523515 3.793254 -1.263242 40
18.523650 9.295722 -1.380070 26
25.956694 7.680953 -1.507123 10
17.090201 -5.596911 -0.902532 11
74.180104 74.845389 86.127684 13.246508 3.147939 -1.072522 40
18.523650 9.295722 -1.380070 26
4.125672 5.745006 -0.934964 15
17.090201 -5.596911 -0.902532 11
18.139881 74.845389 89.746400 17.386386 5.345108 -1.235553 40
18.523650 9.295722 -1.380070 26
16.545306 12.336515 -1.424055 17
17.090201 -5.596911 -0.902532 11
71.860728 77.387296 79.887712 18.228391 3.656471 -1.205079 40
11.638278 8.885370 -1.205581 21
25.956694 7.680953 -1.507123 10
17.090201 -5.596911 -0.902532 11
40.735237 77.387296 86.127684 10.951383 3.011155 -1.014359 40
11.638278 8.885370 -1.205581 21
4.125672 5.745006 -0.934964 15
17.090201 -5.596911 -0.902532 11
30.015430 77.387296 89.746400 15.091261 5.208325 -1.177390 40
11.638278 8.885370 -1.205581 21
16.545306 12.336515 -1.424055 17
17.090201 -5.596911 -0.902532 11
79.887712 86.127684 109.620798 15.724188 2.609683 -1.114873 40
17.090201 -5.596911 -0.902532 11
25.956694 7.680953 -1.507123 10
4.125672 5.745006 -0.934964 15
52.501282 79.887712 89.746400 19.864066 4.806852 -1.277903 40
25.956694 7.680953 -1.507123 10
16.545306 12.336515 -1.424055 17
17.090201 -5.596911 -0.902532 11
70.344598 86.127684 89.746400 12.587059 4.161537 -1.087184 40
4.125672 5.745006 -0.934964 15
16.545306 12.336515 -1.424055 17
17.090201 -5.596911 -0.902532 11
43.100637 47.175243 67.158635 7.323040 -0.687775 -0.818636 40
4.618887 -3.673302 -0.665949 11
13.224563 -4.135027 -0.854993 13
4.125672 5.745006 -0.934964 15
43.100637 65.606774 71.986682 9.827243 0.359014 -0.908841 40
13.224563 -4.135027 -0.854993 13
4.618887 -3.673302 -0.665949 11
11.638278 8.885370 -1.205581 21
43.100637 77.223298 90.334660 7.497360 1.318709 -0.882531 40
4.618887 -3.673302 -0.665949 11
13.224563 -4.135027 -0.854993 13
4.648630 11.764457 -1.126651 19
43.100637 82.641942 90.632262 10.281346 1.525446 -0.954299 40
13.224563 -4.135027 -0.854993 13
4.618887 -3.673302 -0.665949 11
13.000587 12.384668 -1.341955 20
43.100637 72.239362 95.137792 12.122367 0.495797 -0.967004 40
13.224563 -4.135027 -0.854993 13
4.618887 -3.673302 -0.665949 11
18.523650 9.295722 -1.380070 26
47.175243 57.348502 74.490533 8.272622 -0.361046 -0.850749 40
4.618887 -3.673302 -0.665949 11
4.125672 5.745006 -0.934964 15
16.073310 -3.154841 -0.951334 22
40.735237 47.175243 71.986682 6.794279 3.652358 -0.935498 40
4.125672 5.745006 -0.934964 15
11.638278 8.885370 -1.205581 21
4.618887 -3.673302 -0.665949 11
47.175243 55.456040 90.632262 7.248382 4.818791 -0.980956 40
4.125672 5.745006 -0.934964 15
4.618887 -3.673302 -0.665949 11
13.000587 12.384668 -1.341955 20
47.175243 74.180104 95.137792 9.089403 3.789142 -0.993661 40
4.125672 5.745006 -0.934964 15
4.618887 -3.673302 -0.665949 11
18.523650 9.295722 -1.380070 26
47.175243 97.667121 107.826150 10.949091 -0.100893 -0.921575 40
4.618887 -3.673302 -0.665949 11
4.125672 5.745006 -0.934964 15
24.102717 -2.374382 -1.163812 21
57.348502 64.167911 71.986682 10.776824 0.685742 -0.940955 40
16.073310 -3.154841 -0.951334 22
4.618887 -3.673302 -0.665949 11
11.638278 8.885370 -1.205581 21
57.348502 77.223298 93.960027 8.446942 1.645438 -0.914645 40
4.618887 -3.673302 -0.665949 11
16.073310 -3.154841 -0.951334 22
4.648630 11.764457 -1.126651 19
57.348502 79.226031 90.632262 11.230928 1.852175 -0.986413 40
16.073310 -3.154841 -0.951334 22
4.618887 -3.673302 -0.665949 11
13.000587 12.384668 -1.341955 20
57.348502 63.483166 95.137792 13.071949 0.822526 -0.999118 40
16.073310 -3.154841 -0.951334 22
4.618887 -3.673302 -0.665949 11
18.523650 9.295722 -1.380070 26
63.105051 77.223298 106.801209 8.785906 0.831415 -0.898377 40
4.618887 -3.673302 -0.665949 11
17.090201 -5.596911 -0.902532 11
4.648630 11.764457 -1.126651 19
63.105051 90.632262 92.230038 11.569891 1.038152 -0.970145 40
4.618887 -3.673302 -0.665949 11
17.090201 -5.596911 -0.902532 11
13.000587 12.384668 -1.341955 20
37.798992 71.986682 77.223298 6.968598 5.658842 -0.999394 40
11.638278 8.885370 -1.205581 21
4.648630 11.764457 -1.126651 19
4.618887 -3.673302 -0.665949 11
34.498984 71.986682 95.137792 11.593605 4.835930 -1.083867 40
11.638278 8.885370 -1.205581 21
18.523650 9.295722 -1.380070 26
4.618887 -3.673302 -0.665949 11
71.986682 83.986008 97.667121 13.453294 0.945895 -1.011781 40
11.638278 8.885370 -1.205581 21
4.618887 -3.673302 -0.665949 11
24.102717 -2.374382 -1.163812 21
41.888604 77.223298 90.632262 7.422701 6.825274 -1.044852 40
4.648630 11.764457 -1.126651 19
13.000587 12.384668 -1.341955 20
4.618887 -3.673302 -0.665949 11
70.476074 77.223298 95.137792 9.263722 5.795625 -1.057557 40
4.648630 11.764457 -1.126651 19
18.523650 9.295722 -1.380070 26
4.618887 -3.673302 -0.665949 11
77.223298 97.667121 120.246580 11.123411 1.905591 -0.985471 40
4.618887 -3.673302 -0.665949 11
4.648630 11.764457 -1.126651 19
24.102717 -2.374382 -1.163812 21
31.641460 90.632262 95.137792 12.047708 6.002362 -1.129325 40
13.000587 12.384668 -1.341955 20
18.523650 9.295722 -1.380070 26
4.618887 -3.673302 -0.665949 11
90.632262 92.346976 97.667121 13.907397 2.112328 -1.057239 40
13.000587 12.384668 -1.341955 20
4.618887 -3.673302 -0.665949 11
24.102717 -2.374382 -1.163812 21
64.684627 95.137792 97.667121 15.748418 1.082679 -1.069944 40
18.523650 9.295722 -1.380070 26
24.102717 -2.374382 -1.163812 21
4.618887 -3.673302 -0.665949 11
15.070996 64.167911 65.606774 13.645384 0.531834 -1.003970 40
16.073310 -3.154841 -0.951334 22
13.224563 -4.135027 -0.854993 13
11.638278 8.885370 -1.205581 21
15.070996 67.158635 74.490533 11.141181 -0.514954 -0.913764 40
13.224563 -4.135027 -0.854993 13
16.073310 -3.154841 -0.951334 22
4.125672 5.745006 -0.934964 15
15.070996 63.483166 72.239362 15.940508 0.668617 -1.062133 40
16.073310 -3.154841 -0.951334 22
13.224563 -4.135027 -0.854993 13
18.523650 9.295722 -1.380070 26
15.070996 79.226031 82.641942 14.099487 1.698267 -1.049427 40
16.073310 -3.154841 -0.951334 22
13.224563 -4.135027 -0.854993 13
13.000587 12.384668 -1.341955 20
15.070996 77.528760 84.062901 15.281059 1.682215 -1.076794 40
16.073310 -3.154841 -0.951334 22
13.224563 -4.135027 -0.854993 13
16.545306 12.336515 -1.424055 17
20.665496 82.641942 92.230038 14.438450 0.884243 -1.033160 40
13.224563 -4.135027 -0.854993 13
17.090201 -5.596911 -0.902532 11
13.000587 12.384668 -1.341955 20
43.100637 84.062901 99.890992 11.462918 1.509395 -0.981666 40
13.224563 -4.135027 -0.854993 13
4.618887 -3.673302 -0.665949 11
16.545306 12.336515 -1.424055 17
55.120197 65.606774 83.986008 16.321853 0.791987 -1.074796 40
13.224563 -4.135027 -0.854993 13
24.102717 -2.374382 -1.163812 21
11.638278 8.885370 -1.205581 21
55.120197 67.158635 107.826150 13.817650 -0.254801 -0.984590 40
13.224563 -4.135027 -0.854993 13
24.102717 -2.374382 -1.163812 21
4.125672 5.745006 -0.934964 15
55.120197 64.684627 72.239362 18.616977 0.928770 -1.132959 40
24.102717 -2.374382 -1.163812 21
13.224563 -4.135027 -0.854993 13
18.523650 9.295722 -1.380070 26
55.120197 82.641942 92.346976 16.775956 1.958420 -1.120253 40
13.224563 -4.135027 -0.854993 13
24.102717 -2.374382 -1.163812 21
13.000587 12.384668 -1.341955 20
55.120197 82.703183 84.062901 17.957528 1.942368 -1.147620 40
24.102717 -2.374382 -1.163812 21
13.224563 -4.135027 -0.854993 13
16.545306 12.336515 -1.424055 17
40.735237 65.606774 67.158635 9.662838 3.498449 -0.998513 40
11.638278 8.885370 -1.205581 21
4.125672 5.745006 -0.934964 15
13.224563 -4.135027 -0.854993 13
34.498984 65.606774 72.239362 14.462164 4.682021 -1.146882 40
11.638278 8.885370 -1.205581 21
18.523650 9.295722 -1.380070 26
13.224563 -4.135027 -0.854993 13
18.788009 65.606774 82.641942 12.621143 5.711670 -1.134177 40
11.638278 8.885370 -1.205581 21
13.000587 12.384668 -1.341955 20
13.224563 -4.135027 -0.854993 13
30.015430 65.606774 84.062901 13.802716 5.695619 -1.161543 40
11.638278 8.885370 -1.205581 21
16.545306 12.336515 -1.424055 17
13.224563 -4.135027 -0.854993 13
67.158635 72.239362 74.180104 11.957962 3.635233 -1.056676 40
13.224563 -4.135027 -0.854993 13
4.125672 5.745006 -0.934964 15
18.523650 9.295722 -1.380070 26
55.456040 67.158635 82.641942 10.116941 4.664882 -1.043971 40
4.125672 5.745006 -0.934964 15
13.000587 12.384668 -1.341955 20
13.224563 -4.135027 -0.854993 13
67.158635 70.344598 84.062901 11.298513 4.648831 -1.071338 40
4.125672 5.745006 -0.934964 15
13.224563 -4.135027 -0.854993 13
16.545306 12.336515 -1.424055 17
31.641460 72.239362 82.641942 14.916267 5.848454 -1.192340 40
18.523650 9.295722 -1.380070 26
13.000587 12.384668 -1.341955 20
13.224563 -4.135027 -0.854993 13
18.139881 72.239362 84.062901 16.097840 5.832403 -1.219706 40
18.523650 9.295722 -1.380070 26
16.545306 12.336515 -1.424055 17
13.224563 -4.135027 -0.854993 13
17.729977 82.641942 84.062901 14.256819 6.862052 -1.207001 40
13.000587 12.384668 -1.341955 20
16.545306 12.336515 -1.424055 17
13.224563 -4.135027 -0.854993 13
15.070996 73.383344 86.912281 18.418189 0.130361 -1.104484 40
16.073310 -3.154841 -0.951334 22
13.224563 -4.135027 -0.854993 13
25.956694 7.680953 -1.507123 10
40.350231 63.483166 64.684627 19.566559 1.255499 -1.165072 40
16.073310 -3.154841 -0.951334 22
24.102717 -2.374382 -1.163812 21
18.523650 9.295722 -1.380070 26
40.350231 64.167911 83.986008 17.271434 1.118716 -1.106909 40
16.073310 -3.154841 -0.951334 22
24.102717 -2.374382 -1.163812 21
11.638278 8.885370 -1.205581 21
40.350231 51.152921 73.383344 22.044240 0.717243 -1.207423 40
24.102717 -2.374382 -1.163812 21
16.073310 -3.154841 -0.951334 22
25.956694 7.680953 -1.507123 10
40.350231 74.490533 107.826150 14.767232 0.071927 -1.016703 40
16.073310 -3.154841 -0.951334 22
24.102717 -2.374382 -1.163812 21
4.125672 5.745006 -0.934964 15
40.350231 77.528760 82.703183 18.907110 2.269097 -1.179734 40
16.073310 -3.154841 -0.951334 22
24.102717 -2.374382 -1.163812 21
16.545306 12.336515 -1.424055 17
57.348502 73.383344 120.926491 15.549630 0.284270 -1.041469 40
16.073310 -3.154841 -0.951334 22
4.618887 -3.673302 -0.665949 11
25.956694 7.680953 -1.507123 10
57.348502 77.528760 99.890992 12.412500 1.836124 -1.013779 40
16.073310 -3.154841 -0.951334 22
4.618887 -3.673302 -0.665949 11
16.545306 12.336515 -1.424055 17
34.498984 63.483166 64.167911 15.411746 5.008750 -1.178995 40
18.523650 9.295722 -1.380070 26
11.638278 8.885370 -1.205581 21
16.073310 -3.154841 -0.951334 22
38.037396 63.483166 73.383344 20.184551 4.607277 -1.279509 40
18.523650 9.295722 -1.380070 26
25.956694 7.680953 -1.507123 10
16.073310 -3.154841 -0.951334 22
63.483166 74.180104 74.490533 12.907544 3.961962 -1.088790 40
18.523650 9.295722 -1.380070 26
16.073310 -3.154841 -0.951334 22
4.125672 5.745006 -0.934964 15
18.139881 63.483166 77.528760 17.047422 6.159131 -1.251820 40
18.523650 9.295722 -1.380070 26
16.545306 12.336515 -1.424055 17
16.073310 -3.154841 -0.951334 22
64.167911 71.860728 73.383344 17.889427 4.470494 -1.221346 40
11.638278 8.885370 -1.205581 21
16.073310 -3.154841 -0.951334 22
25.956694 7.680953 -1.507123 10
40.735237 64.167911 74.490533 10.612419 3.825178 -1.030627 40
11.638278 8.885370 -1.205581 21
4.125672 5.745006 -0.934964 15
16.073310 -3.154841 -0.951334 22
30.015430 64.167911 77.528760 14.752297 6.022348 -1.193657 40
11.638278 8.885370 -1.205581 21
16.545306 12.336515 -1.424055 17
16.073310 -3.154841 -0.951334 22
73.383344 74.490533 109.620798 15.385225 3.423706 -1.131141 40
16.073310 -3.154841 -0.951334 22
25.956694 7.680953 -1.507123 10
4.125672 5.745006 -0.934964 15
52.501282 73.383344 77.528760 19.525103 5.620875 -1.294171 40
25.956694 7.680953 -1.507123 10
16.545306 12.336515 -1.424055 17
16.073310 -3.154841 -0.951334 22
70.344598 74.490533 77.528760 12.248095 4.975560 -1.103451 40
4.125672 5.745006 -0.934964 15
16.545306 12.336515 -1.424055 17
16.073310 -3.154841 -0.951334 22
39.847447 72.138990 110.418792 62.411350 -1.793950 -2.083894 40
60.167772 -2.863133 -1.999163 17
52.510304 -0.657958 -1.884414 20
74.555974 -1.860758 -2.368105 10
39.847447 63.821834 76.449894 56.089139 2.733506 -2.069809 40
52.510304 -0.657958 -1.884414 20
60.167772 -2.863133 -1.999163 17
55.589342 11.721610 -2.325851 21
39.847447 77.178315 84.626258 58.725381 2.892889 -2.136684 40
60.167772 -2.863133 -1.999163 17
52.510304 -0.657958 -1.884414 20
63.498071 12.199760 -2.526477 11
39.847447 79.121698 92.514781 55.938318 3.805632 -2.098201 40
52.510304 -0.657958 -1.884414 20
60.167772 -2.863133 -1.999163 17
55.136878 14.937988 -2.411027 23
39.847447 92.753593 96.293440 58.570808 3.977803 -2.165369 40
60.167772 -2.863133 -1.999163 17
52.510304 -0.657958 -1.884414 20
63.034350 15.454500 -2.612530 16
39.847447 78.847611 105.878592 53.545124 3.638338 -2.036818 40
52.510304 -0.657958 -1.884414 20
60.167772 -2.863133 -1.999163 17
47.957296 14.436104 -2.226877 27
39.847447 92.776783 106.273242 55.868320 4.736108 -2.124277 40
52.510304 -0.657958 -1.884414 20
60.167772 -2.863133 -1.999163 17
54.926889 17.729416 -2.489255 20
39.847447 74.533099 109.525152 51.953349 2.482455 -1.964864 40
52.510304 -0.657958 -1.884414 20
60.167772 -2.863133 -1.999163 17
43.181971 10.968457 -2.011015 13
72.138990 76.449894 116.642150 63.437697 2.332573 -2.231040 40
60.167772 -2.863133 -1.999163 17
74.555974 -1.860758 -2.368105 10
55.589342 11.721610 -2.325851 21
72.138990 77.178315 89.442793 66.073939 2.491956 -2.297915 40
60.167772 -2.863133 -1.999163 17
74.555974 -1.860758 -2.368105 10
63.498071 12.199760 -2.526477 11
72.138990 92.514781 128.384292 63.286875 3.404699 -2.259432 40
60.167772 -2.863133 -1.999163 17
74.555974 -1.860758 -2.368105 10
55.136878 14.937988 -2.411027 23
72.138990 92.753593 103.998287 65.919366 3.576870 -2.326600 40
60.167772 -2.863133 -1.999163 17
74.555974 -1.860758 -2.368105 10
63.034350 15.454500 -2.612530 16
72.138990 105.878592 155.972539 60.893682 3.237404 -2.198048 40
60.167772 -2.863133 -1.999163 17
74.555974 -1.860758 -2.368105 10
47.957296 14.436104 -2.226877 27
72.138990 106.273242 138.662424 63.216878 4.335175 -2.285508 40
60.167772 -2.863133 -1.999163 17
74.555974 -1.860758 -2.368105 10
54.926889 17.729416 -2.489255 20
72.138990 109.525152 169.487786 59.301907 2.081522 -2.126094 40
60.167772 -2.863133 -1.999163 17
74.555974 -1.860758 -2.368105 10
43.181971 10.968457 -2.011015 13
39.628531 76.449894 77.178315 59.751728 7.019412 -2.283830 40
55.589342 11.721610 -2.325851 21
63.498071 12.199760 -2.526477 11
60.167772 -2.863133 -1.999163 17
41.666769 76.449894 92.753593 59.597155 8.104326 -2.312515 40
55.589342 11.721610 -2.325851 21
63.034350 15.454500 -2.612530 16
60.167772 -2.863133 -1.999163 17
40.505059 76.449894 105.878592 54.571471 7.764860 -2.183964 40
55.589342 11.721610 -2.325851 21
47.957296 14.436104 -2.226877 27
60.167772 -2.863133 -1.999163 17
62.170979 76.449894 109.525152 52.979696 6.608978 -2.112010 40
55.589342 11.721610 -2.325851 21
43.181971 10.968457 -2.011015 13
60.167772 -2.863133 -1.999163 17
43.994525 77.178315 92.514781 59.600906 8.091538 -2.312222 40
63.498071 12.199760 -2.526477 11
55.136878 14.937988 -2.411027 23
60.167772 -2.863133 -1.999163 17
77.178315 78.518559 105.878592 57.207713 7.924243 -2.250839 40
63.498071 12.199760 -2.526477 11
60.167772 -2.863133 -1.999163 17
47.957296 14.436104 -2.226877 27
51.000894 77.178315 106.273242 59.530909 9.022014 -2.338298 40
63.498071 12.199760 -2.526477 11
54.926889 17.729416 -2.489255 20
60.167772 -2.863133 -1.999163 17
77.178315 101.799509 109.525152 55.615938 6.768361 -2.178885 40
63.498071 12.199760 -2.526477 11
60.167772 -2.863133 -1.999163 17
43.181971 10.968457 -2.011015 13
39.584548 92.514781 92.753593 59.446334 9.176452 -2.340907 40
55.136878 14.937988 -2.411027 23
63.034350 15.454500 -2.612530 16
60.167772 -2.863133 -1.999163 17
35.997283 92.514781 105.878592 54.420649 8.836986 -2.212356 40
55.136878 14.937988 -2.411027 23
47.957296 14.436104 -2.226877 27
60.167772 -2.863133 -1.999163 17
63.015268 92.514781 109.525152 52.828874 7.681104 -2.140402 40
55.136878 14.937988 -2.411027 23
43.181971 10.968457 -2.011015 13
60.167772 -2.863133 -1.999163 17
75.581642 92.753593 105.878592 57.053140 9.009157 -2.279523 40
63.034350 15.454500 -2.612530 16
47.957296 14.436104 -2.226877 27
60.167772 -2.863133 -1.999163 17
42.107424 92.753593 106.273242 59.376336 10.106928 -2.366983 40
63.034350 15.454500 -2.612530 16
54.926889 17.729416 -2.489255 20
60.167772 -2.863133 -1.999163 17
92.753593 101.809054 109.525152 55.461365 7.853275 -2.207569 40
63.034350 15.454500 -2.612530 16
60.167772 -2.863133 -1.999163 17
43.181971 10.968457 -2.011015 13
38.564854 105.878592 106.273242 54.350652 9.767462 -2.238432 40
47.957296 14.436104 -2.226877 27
54.926889 17.729416 -2.489255 20
60.167772 -2.863133 -1.999163 17
29.527489 105.878592 109.525152 50.435680 7.513809 -2.079018 40
47.957296 14.436104 -2.226877 27
43.181971 10.968457 -2.011015 13
60.167772 -2.863133 -1.999163 17
67.801604 106.273242 109.525152 52.758877 8.611580 -2.166478 40
54.926889 17.729416 -2.489255 20
43.181971 10.968457 -2.011015 13
60.167772 -2.863133 -1.999163 17
38.609693 66.970540 104.078722 26.214156 -3.092008 -1.192187 40
24.102717 -2.374382 -1.163812 21
17.090201 -5.596911 -0.902532 11
37.449549 -1.304732 -1.510218 17
38.609693 82.665750 112.939995 23.581010 1.751004 -1.274442 40
24.102717 -2.374382 -1.163812 21
17.090201 -5.596911 -0.902532 11
29.550114 13.224306 -1.756982 26
40.350231 82.665750 106.130788 23.242046 2.565028 -1.290709 40
24.102717 -2.374382 -1.163812 21
16.073310 -3.154841 -0.951334 22
29.550114 13.224306 -1.756982 26
51.152921 55.120197 86.912281 21.094658 0.390514 -1.175309 40
24.102717 -2.374382 -1.163812 21
25.956694 7.680953 -1.507123 10
13.224563 -4.135027 -0.854993 13
38.037396 51.152921 64.684627 22.861020 4.867430 -1.350335 40
25.956694 7.680953 -1.507123 10
18.523650 9.295722 -1.380070 26
24.102717 -2.374382 -1.163812 21
51.152921 66.970540 72.943178 29.169654 1.333946 -1.393718 40
24.102717 -2.374382 -1.163812 21
25.956694 7.680953 -1.507123 10
37.449549 -1.304732 -1.510218 17
33.054449 51.152921 82.665750 26.536508 6.176959 -1.475972 40
25.956694 7.680953 -1.507123 10
29.550114 13.224306 -1.756982 26
24.102717 -2.374382 -1.163812 21
51.152921 52.501282 82.703183 22.201572 5.881028 -1.364997 40
25.956694 7.680953 -1.507123 10
24.102717 -2.374382 -1.163812 21
16.545306 12.336515 -1.424055 17
51.152921 71.860728 83.986008 20.565896 4.730647 -1.292172 40
25.956694 7.680953 -1.507123 10
24.102717 -2.374382 -1.163812 21
11.638278 8.885370 -1.205581 21
55.120197 82.665750 119.235439 22.292465 2.238299 -1.258596 40
24.102717 -2.374382 -1.163812 21
13.224563 -4.135027 -0.854993 13
29.550114 13.224306 -1.756982 26
64.684627 66.970540 108.463841 26.691973 1.872202 -1.351367 40
24.102717 -2.374382 -1.163812 21
18.523650 9.295722 -1.380070 26
37.449549 -1.304732 -1.510218 17
58.557390 64.684627 82.665750 24.058827 6.715215 -1.433622 40
18.523650 9.295722 -1.380070 26
29.550114 13.224306 -1.756982 26
24.102717 -2.374382 -1.163812 21
34.498984 64.684627 83.986008 18.088215 5.268903 -1.249821 40
18.523650 9.295722 -1.380070 26
11.638278 8.885370 -1.205581 21
24.102717 -2.374382 -1.163812 21
66.970540 82.665750 82.697479 30.367460 3.181731 -1.477004 40
24.102717 -2.374382 -1.163812 21
37.449549 -1.304732 -1.510218 17
29.550114 13.224306 -1.756982 26
66.970540 82.703183 124.807699 26.032524 2.885800 -1.366028 40
24.102717 -2.374382 -1.163812 21
37.449549 -1.304732 -1.510218 17
16.545306 12.336515 -1.424055 17
66.970540 83.986008 138.758126 24.396848 1.735419 -1.293204 40
24.102717 -2.374382 -1.163812 21
37.449549 -1.304732 -1.510218 17
11.638278 8.885370 -1.205581 21
65.196636 82.665750 82.703183 23.399378 7.728813 -1.448283 40
29.550114 13.224306 -1.756982 26
16.545306 12.336515 -1.424055 17
24.102717 -2.374382 -1.163812 21
82.665750 83.986008 92.190593 21.763703 6.578431 -1.375459 40
24.102717 -2.374382 -1.163812 21
29.550114 13.224306 -1.756982 26
11.638278 8.885370 -1.205581 21
30.015430 82.703183 83.986008 17.428767 6.282501 -1.264483 40
16.545306 12.336515 -1.424055 17
11.638278 8.885370 -1.205581 21
24.102717 -2.374382 -1.163812 21
65.092596 66.970540 92.710401 32.588069 2.656933 -1.513698 40
37.449549 -1.304732 -1.510218 17
36.211939 11.649914 -1.867064 25
24.102717 -2.374382 -1.163812 21
35.023723 65.092596 67.775846 38.947821 7.104546 -1.796099 40
36.211939 11.649914 -1.867064 25
43.181971 10.968457 -2.011015 13
37.449549 -1.304732 -1.510218 17
55.011885 65.092596 72.943178 33.206062 6.008712 -1.628135 40
36.211939 11.649914 -1.867064 25
25.956694 7.680953 -1.507123 10
37.449549 -1.304732 -1.510218 17
65.092596 75.396387 102.117656 42.057265 3.229075 -1.753898 40
37.449549 -1.304732 -1.510218 17
36.211939 11.649914 -1.867064 25
52.510304 -0.657958 -1.884414 20
25.299087 65.092596 78.924034 38.089241 8.165714 -1.807485 40
36.211939 11.649914 -1.867064 25
40.606230 14.151960 -2.045174 16
37.449549 -1.304732 -1.510218 17
34.231114 65.092596 82.697479 34.403868 7.856496 -1.711421 40
36.211939 11.649914 -1.867064 25
29.550114 13.224306 -1.756982 26
37.449549 -1.304732 -1.510218 17
39.595940 65.092596 84.103625 39.108973 8.219520 -1.833120 40
36.211939 11.649914 -1.867064 25
43.665426 14.313376 -2.122077 17
37.449549 -1.304732 -1.510218 17
60.383305 65.092596 94.696917 40.539597 8.260429 -1.868053 40
36.211939 11.649914 -1.867064 25
47.957296 14.436104 -2.226877 27
37.449549 -1.304732 -1.510218 17
66.970540 67.775846 116.486813 34.911413 2.429781 -1.561682 40
37.449549 -1.304732 -1.510218 17
24.102717 -2.374382 -1.163812 21
43.181971 10.968457 -2.011015 13
66.970540 78.924034 116.861327 34.052833 3.490949 -1.573068 40
37.449549 -1.304732 -1.510218 17
24.102717 -2.374382 -1.163812 21
40.606230 14.151960 -2.045174 16
66.970540 84.103625 128.656447 35.072565 3.544754 -1.598702 40
37.449549 -1.304732 -1.510218 17
24.102717 -2.374382 -1.163812 21
43.665426 14.313376 -2.122077 17
66.970540 94.696917 146.010581 36.503188 3.585663 -1.633636 40
37.449549 -1.304732 -1.510218 17
24.102717 -2.374382 -1.163812 21
47.957296 14.436104 -2.226877 27
67.775846 72.943178 87.717133 35.529406 5.781559 -1.676119 40
37.449549 -1.304732 -1.510218 17
43.181971 10.968457 -2.011015 13
25.956694 7.680953 -1.507123 10
67.775846 74.533099 75.396387 44.380609 3.001922 -1.801882 40
43.181971 10.968457 -2.011015 13
37.449549 -1.304732 -1.510218 17
52.510304 -0.657958 -1.884414 20
20.475778 67.775846 78.924034 40.412585 7.938562 -1.855469 40
43.181971 10.968457 -2.011015 13
40.606230 14.151960 -2.045174 16
37.449549 -1.304732 -1.510218 17
67.775846 69.097930 82.697479 36.727212 7.629344 -1.759405 40
43.181971 10.968457 -2.011015 13
37.449549 -1.304732 -1.510218 17
29.550114 13.224306 -1.756982 26
29.527489 67.775846 94.696917 42.862940 8.033276 -1.916037 40
43.181971 10.968457 -2.011015 13
47.957296 14.436104 -2.226877 27
37.449549 -1.304732 -1.510218 17
72.943178 75.396387 139.173808 38.638849 1.906088 -1.633918 40
37.449549 -1.304732 -1.510218 17
25.956694 7.680953 -1.507123 10
52.510304 -0.657958 -1.884414 20
72.943178 78.924034 80.120596 34.670825 6.842727 -1.687505 40
37.449549 -1.304732 -1.510218 17
25.956694 7.680953 -1.507123 10
40.606230 14.151960 -2.045174 16
33.054449 72.943178 82.697479 30.985453 6.533509 -1.591441 40
25.956694 7.680953 -1.507123 10
29.550114 13.224306 -1.756982 26
37.449549 -1.304732 -1.510218 17
72.943178 84.103625 94.600011 35.690557 6.896532 -1.713139 40
37.449549 -1.304732 -1.510218 17
25.956694 7.680953 -1.507123 10
43.665426 14.313376 -2.122077 17
72.943178 94.696917 115.127831 37.121181 6.937442 -1.748073 40
37.449549 -1.304732 -1.510218 17
25.956694 7.680953 -1.507123 10
47.957296 14.436104 -2.226877 27
75.396387 78.924034 95.008742 43.522029 4.063090 -1.813269 40
37.449549 -1.304732 -1.510218 17
52.510304 -0.657958 -1.884414 20
40.606230 14.151960 -2.045174 16
75.396387 82.697479 134.155115 39.836656 3.753872 -1.717205 40
37.449549 -1.304732 -1.510218 17
52.510304 -0.657958 -1.884414 20
29.550114 13.224306 -1.756982 26
75.396387 84.103625 86.952451 44.541761 4.116896 -1.838903 40
37.449549 -1.304732 -1.510218 17
52.510304 -0.657958 -1.884414 20
43.665426 14.313376 -2.122077 17
75.396387 78.847611 94.696917 45.972384 4.157805 -1.873836 40
52.510304 -0.657958 -1.884414 20
37.449549 -1.304732 -1.510218 17
47.957296 14.436104 -2.226877 27
55.493544 78.924034 82.697479 35.868632 8.690512 -1.770791 40
40.606230 14.151960 -2.045174 16
29.550114 13.224306 -1.756982 26
37.449549 -1.304732 -1.510218 17
15.322085 78.924034 84.103625 40.573737 9.053535 -1.892490 40
40.606230 14.151960 -2.045174 16
43.665426 14.313376 -2.122077 17
37.449549 -1.304732 -1.510218 17
36.793998 78.924034 94.696917 42.004360 9.094444 -1.927423 40
40.606230 14.151960 -2.045174 16
47.957296 14.436104 -2.226877 27
37.449549 -1.304732 -1.510218 17
70.809863 82.697479 84.103625 36.888364 8.744317 -1.796426 40
29.550114 13.224306 -1.756982 26
43.665426 14.313376 -2.122077 17
37.449549 -1.304732 -1.510218 17
82.697479 92.265065 94.696917 38.318988 8.785226 -1.831359 40
29.550114 13.224306 -1.756982 26
37.449549 -1.304732 -1.510218 17
47.957296 14.436104 -2.226877 27
21.474516 84.103625 94.696917 43.024092 9.148250 -1.953057 40
43.665426 14.313376 -2.122077 17
47.957296 14.436104 -2.226877 27
37.449549 -1.304732 -1.510218 17
39.847447 75.396387 113.884281 50.042542 -1.608608 -1.797932 40
52.510304 -0.657958 -1.884414 20
60.167772 -2.863133 -1.999163 17
37.449549 -1.304732 -1.510218 17
39.847447 86.952451 119.098161 52.114501 3.597428 -2.001885 40
52.510304 -0.657958 -1.884414 20
60.167772 -2.863133 -1.999163 17
43.665426 14.313376 -2.122077 17
62.170979 63.821834 74.533099 50.427207 7.344036 -2.073760 40
55.589342 11.721610 -2.325851 21
43.181971 10.968457 -2.011015 13
52.510304 -0.657958 -1.884414 20
63.821834 75.396387 111.736623 48.516399 3.252973 -1.906827 40
52.510304 -0.657958 -1.884414 20
55.589342 11.721610 -2.325851 21
37.449549 -1.304732 -1.510218 17
40.505059 63.821834 78.847611 52.018982 8.499919 -2.145714 40
55.589342 11.721610 -2.325851 21
47.957296 14.436104 -2.226877 27
52.510304 -0.657958 -1.884414 20
39.628531 63.821834 84.626258 57.199239 7.754470 -2.245580 40
55.589342 11.721610 -2.325851 21
63.498071 12.199760 -2.526477 11
52.510304 -0.657958 -1.884414 20
61.020190 63.821834 86.952451 50.588359 8.459009 -2.110781 40
55.589342 11.721610 -2.325851 21
43.665426 14.313376 -2.122077 17
52.510304 -0.657958 -1.884414 20
30.232135 63.821834 92.776783 54.342178 9.597689 -2.233173 40
55.589342 11.721610 -2.325851 21
54.926889 17.729416 -2.489255 20
52.510304 -0.657958 -1.884414 20
29.527489 74.533099 78.847611 47.883191 8.248868 -2.040769 40
43.181971 10.968457 -2.011015 13
47.957296 14.436104 -2.226877 27
52.510304 -0.657958 -1.884414 20
63.015268 74.533099 79.121698 50.276385 8.416162 -2.102152 40
43.181971 10.968457 -2.011015 13
55.136878 14.937988 -2.411027 23
52.510304 -0.657958 -1.884414 20
74.533099 84.626258 101.799509 53.063449 7.503419 -2.140635 40
52.510304 -0.657958 -1.884414 20
43.181971 10.968457 -2.011015 13
63.498071 12.199760 -2.526477 11
16.907505 74.533099 86.952451 46.452568 8.207958 -2.005835 40
43.181971 10.968457 -2.011015 13
43.665426 14.313376 -2.122077 17
52.510304 -0.657958 -1.884414 20
67.801604 74.533099 92.776783 50.206388 9.346638 -2.128228 40
43.181971 10.968457 -2.011015 13
54.926889 17.729416 -2.489255 20
52.510304 -0.657958 -1.884414 20
75.396387 79.121698 120.153960 48.365578 4.325099 -1.935219 40
52.510304 -0.657958 -1.884414 20
37.449549 -1.304732 -1.510218 17
55.136878 14.937988 -2.411027 23
75.396387 84.626258 146.793169 51.152641 3.412357 -1.973703 40
52.510304 -0.657958 -1.884414 20
37.449549 -1.304732 -1.510218 17
63.498071 12.199760 -2.526477 11
75.396387 92.776783 129.297579 48.295581 5.255575 -1.961295 40
52.510304 -0.657958 -1.884414 20
37.449549 -1.304732 -1.510218 17
54.926889 17.729416 -2.489255 20
35.997283 78.847611 79.121698 51.868160 9.572044 -2.174106 40
47.957296 14.436104 -2.226877 27
55.136878 14.937988 -2.411027 23
52.510304 -0.657958 -1.884414 20
78.518559 78.847611 84.626258 54.655224 8.659302 -2.212589 40
47.957296 14.436104 -2.226877 27
63.498071 12.199760 -2.526477 11
52.510304 -0.657958 -1.884414 20
21.474516 78.847611 86.952451 48.044343 9.363841 -2.077789 40
47.957296 14.436104 -2.226877 27
43.665426 14.313376 -2.122077 17
52.510304 -0.657958 -1.884414 20
38.564854 78.847611 92.776783 51.798163 10.502520 -2.200182 40
47.957296 14.436104 -2.226877 27
54.926889 17.729416 -2.489255 20
52.510304 -0.657958 -1.884414 20
43.994525 79.121698 84.626258 57.048417 8.826596 -2.273972 40
55.136878 14.937988 -2.411027 23
63.498071 12.199760 -2.526477 11
52.510304 -0.657958 -1.884414 20
57.460380 79.121698 86.952451 50.437537 9.531135 -2.139173 40
55.136878 14.937988 -2.411027 23
43.665426 14.313376 -2.122077 17
52.510304 -0.657958 -1.884414 20
84.626258 86.952451 99.745248 53.224600 8.618393 -2.177656 40
52.510304 -0.657958 -1.884414 20
63.498071 12.199760 -2.526477 11
43.665426 14.313376 -2.122077 17
51.000894 84.626258 92.776783 56.978420 9.757072 -2.300048 40
63.498071 12.199760 -2.526477 11
54.926889 17.729416 -2.489255 20
52.510304 -0.657958 -1.884414 20
58.869476 86.952451 92.776783 50.367540 10.461611 -2.165249 40
43.665426 14.313376 -2.122077 17
54.926889 17.729416 -2.489255 20
52.510304 -0.657958 -1.884414 20
72.138990 120.445671 166.644708 60.750801 4.305879 -2.226519 40
60.167772 -2.863133 -1.999163 17
74.555974 -1.860758 -2.368105 10
47.528654 17.641529 -2.312288 13
16.443674 89.442793 103.998287 67.029466 8.597834 -2.502371 40
63.498071 12.199760 -2.526477 11
63.034350 15.454500 -2.612530 16
74.555974 -1.860758 -2.368105 10
84.626258 89.442793 110.418792 63.521450 3.227014 -2.259665 40
63.498071 12.199760 -2.526477 11
52.510304 -0.657958 -1.884414 20
74.555974 -1.860758 -2.368105 10
39.628531 89.442793 116.642150 64.547797 7.353537 -2.406811 40
63.498071 12.199760 -2.526477 11
55.589342 11.721610 -2.325851 21
74.555974 -1.860758 -2.368105 10
43.994525 89.442793 128.384292 64.396975 8.425663 -2.435203 40
63.498071 12.199760 -2.526477 11
55.136878 14.937988 -2.411027 23
74.555974 -1.860758 -2.368105 10
51.000894 89.442793 138.662424 64.326978 9.356139 -2.461279 40
63.498071 12.199760 -2.526477 11
54.926889 17.729416 -2.489255 20
74.555974 -1.860758 -2.368105 10
78.518559 89.442793 155.972539 62.003782 8.258368 -2.373820 40
63.498071 12.199760 -2.526477 11
47.957296 14.436104 -2.226877 27
74.555974 -1.860758 -2.368105 10
84.362447 89.442793 166.644708 61.860901 9.326844 -2.402290 40
63.498071 12.199760 -2.526477 11
47.528654 17.641529 -2.312288 13
74.555974 -1.860758 -2.368105 10
96.293440 103.998287 110.418792 63.366877 4.311928 -2.288350 40
63.034350 15.454500 -2.612530 16
52.510304 -0.657958 -1.884414 20
74.555974 -1.860758 -2.368105 10
41.666769 103.998287 116.642150 64.393224 8.438451 -2.435496 40
63.034350 15.454500 -2.612530 16
55.589342 11.721610 -2.325851 21
74.555974 -1.860758 -2.368105 10
39.584548 103.998287 128.384292 64.242402 9.510577 -2.463888 40
63.034350 15.454500 -2.612530 16
55.136878 14.937988 -2.411027 23
74.555974 -1.860758 -2.368105 10
42.107424 103.998287 138.662424 64.172405 10.441053 -2.489964 40
63.034350 15.454500 -2.612530 16
54.926889 17.729416 -2.489255 20
74.555974 -1.860758 -2.368105 10
75.581642 103.998287 155.972539 61.849209 9.343282 -2.402504 40
63.034350 15.454500 -2.612530 16
47.957296 14.436104 -2.226877 27
74.555974 -1.860758 -2.368105 10
78.310252 103.998287 166.644708 61.706328 10.411757 -2.430975 40
63.034350 15.454500 -2.612530 16
47.528654 17.641529 -2.312288 13
74.555974 -1.860758 -2.368105 10
63.821834 110.418792 116.642150 60.885208 3.067631 -2.192790 40
52.510304 -0.657958 -1.884414 20
55.589342 11.721610 -2.325851 21
74.555974 -1.860758 -2.368105 10
79.121698 110.418792 128.384292 60.734386 4.139757 -2.221182 40
52.510304 -0.657958 -1.884414 20
55.136878 14.937988 -2.411027 23
74.555974 -1.860758 -2.368105 10
92.776783 110.418792 138.662424 60.664389 5.070233 -2.247258 40
52.510304 -0.657958 -1.884414 20
54.926889 17.729416 -2.489255 20
74.555974 -1.860758 -2.368105 10
78.847611 110.418792 155.972539 58.341193 3.972463 -2.159799 40
52.510304 -0.657958 -1.884414 20
47.957296 14.436104 -2.226877 27
74.555974 -1.860758 -2.368105 10
94.851350 110.418792 166.644708 58.198312 5.040938 -2.188269 40
52.510304 -0.657958 -1.884414 20
47.528654 17.641529 -2.312288 13
74.555974 -1.860758 -2.368105 10
16.245816 116.642150 128.384292 61.760733 8.266280 -2.368328 40
55.589342 11.721610 -2.325851 21
55.136878 14.937988 -2.411027 23
74.555974 -1.860758 -2.368105 10
30.232135 116.642150 138.662424 61.690736 9.196756 -2.394404 40
55.589342 11.721610 -2.325851 21
54.926889 17.729416 -2.489255 20
74.555974 -1.860758 -2.368105 10
40.505059 116.642150 155.972539 59.367540 8.098985 -2.306944 40
55.589342 11.721610 -2.325851 21
47.957296 14.436104 -2.226877 27
74.555974 -1.860758 -2.368105 10
14.002044 128.384292 138.662424 61.539914 10.268882 -2.422796 40
55.136878 14.937988 -2.411027 23
54.926889 17.729416 -2.489255 20
74.555974 -1.860758 -2.368105 10
35.997283 128.384292 155.972539 59.216718 9.171111 -2.335336 40
55.136878 14.937988 -2.411027 23
47.957296 14.436104 -2.226877 27
74.555974 -1.860758 -2.368105 10
40.374479 128.384292 166.644708 59.073837 10.239586 -2.363807 40
55.136878 14.937988 -2.411027 23
47.528654 17.641529 -2.312288 13
74.555974 -1.860758 -2.368105 10
38.564854 138.662424 155.972539 59.146721 10.101587 -2.361412 40
54.926889 17.729416 -2.489255 20
47.957296 14.436104 -2.226877 27
74.555974 -1.860758 -2.368105 10
37.004347 138.662424 166.644708 59.003840 11.170062 -2.389883 40
54.926889 17.729416 -2.489255 20
47.528654 17.641529 -2.312288 13
74.555974 -1.860758 -2.368105 10
16.175429 155.972539 166.644708 56.680644 10.072292 -2.302423 40
47.957296 14.436104 -2.226877 27
47.528654 17.641529 -2.312288 13
74.555974 -1.860758 -2.368105 10
47.175243 101.627153 105.732585 -2.353338 1.290543 -0.649549 40
4.125672 5.745006 -0.934964 15
4.618887 -3.673302 -0.665949 11
-15.804573 1.799925 -0.347733 10
30.225825 101.627153 113.823560 -2.343424 6.436462 -0.803116 40
4.125672 5.745006 -0.934964 15
4.648630 11.764457 -1.126651 19
-15.804573 1.799925 -0.347733 10
67.158635 101.627153 148.169812 0.515221 1.136634 -0.712564 40
4.125672 5.745006 -0.934964 15
13.224563 -4.135027 -0.854993 13
-15.804573 1.799925 -0.347733 10
55.456040 101.627153 153.522190 0.440562 6.643200 -0.874884 40
4.125672 5.745006 -0.934964 15
13.000587 12.384668 -1.341955 20
-15.804573 1.799925 -0.347733 10
74.490533 101.627153 161.331442 1.464802 1.463363 -0.744677 40
4.125672 5.745006 -0.934964 15
16.073310 -3.154841 -0.951334 22
-15.804573 1.799925 -0.347733 10
71.721089 101.627153 161.994152 0.318385 8.275146 -0.920632 40
4.125672 5.745006 -0.934964 15
12.634057 17.280506 -1.479199 14
-15.804573 1.799925 -0.347733 10
86.127684 101.627153 168.603617 1.803766 0.649340 -0.728410 40
4.125672 5.745006 -0.934964 15
17.090201 -5.596911 -0.902532 11
-15.804573 1.799925 -0.347733 10
77.223298 105.732585 113.823560 -2.179019 3.297027 -0.713444 40
4.618887 -3.673302 -0.665949 11
4.648630 11.764457 -1.126651 19
-15.804573 1.799925 -0.347733 10
71.986682 105.732585 141.778837 0.150864 2.337331 -0.739754 40
4.618887 -3.673302 -0.665949 11
11.638278 8.885370 -1.205581 21
-15.804573 1.799925 -0.347733 10
90.632262 105.732585 153.522190 0.604967 3.503764 -0.785212 40
4.618887 -3.673302 -0.665949 11
13.000587 12.384668 -1.341955 20
-15.804573 1.799925 -0.347733 10
57.348502 105.732585 161.331442 1.629207 -1.676073 -0.655005 40
4.618887 -3.673302 -0.665949 11
16.073310 -3.154841 -0.951334 22
-15.804573 1.799925 -0.347733 10
105.732585 112.245979 161.994152 0.482790 5.135710 -0.830960 40
4.618887 -3.673302 -0.665949 11
-15.804573 1.799925 -0.347733 10
12.634057 17.280506 -1.479199 14
37.798992 113.823560 141.778837 0.160778 7.483251 -0.893322 40
4.648630 11.764457 -1.126651 19
11.638278 8.885370 -1.205581 21
-15.804573 1.799925 -0.347733 10
90.334660 113.823560 148.169812 0.689540 3.143118 -0.776459 40
4.648630 11.764457 -1.126651 19
13.224563 -4.135027 -0.854993 13
-15.804573 1.799925 -0.347733 10
41.888604 113.823560 153.522190 0.614881 8.649683 -0.938780 40
4.648630 11.764457 -1.126651 19
13.000587 12.384668 -1.341955 20
-15.804573 1.799925 -0.347733 10
93.960027 113.823560 161.331442 1.639122 3.469847 -0.808573 40
4.648630 11.764457 -1.126651 19
16.073310 -3.154841 -0.951334 22
-15.804573 1.799925 -0.347733 10
106.801209 113.823560 168.603617 1.978086 2.655824 -0.792305 40
4.648630 11.764457 -1.126651 19
17.090201 -5.596911 -0.902532 11
-15.804573 1.799925 -0.347733 10
65.606774 141.778837 148.169812 3.019423 2.183423 -0.802769 40
11.638278 8.885370 -1.205581 21
13.224563 -4.135027 -0.854993 13
-15.804573 1.799925 -0.347733 10
18.788009 141.778837 153.522190 2.944764 7.689988 -0.965090 40
11.638278 8.885370 -1.205581 21
13.000587 12.384668 -1.341955 20
-15.804573 1.799925 -0.347733 10
64.167911 141.778837 161.331442 3.969005 2.510151 -0.834883 40
11.638278 8.885370 -1.205581 21
16.073310 -3.154841 -0.951334 22
-15.804573 1.799925 -0.347733 10
42.292064 141.778837 161.994152 2.822587 9.321934 -1.010838 40
11.638278 8.885370 -1.205581 21
12.634057 17.280506 -1.479199 14
-15.804573 1.799925 -0.347733 10
77.387296 141.778837 168.603617 4.307968 1.696128 -0.818615 40
11.638278 8.885370 -1.205581 21
17.090201 -5.596911 -0.902532 11
-15.804573 1.799925 -0.347733 10
82.641942 148.169812 153.522190 3.473526 3.349855 -0.848227 40
13.224563 -4.135027 -0.854993 13
13.000587 12.384668 -1.341955 20
-15.804573 1.799925 -0.347733 10
15.070996 148.169812 161.331442 4.497766 -1.829981 -0.718020 40
13.224563 -4.135027 -0.854993 13
16.073310 -3.154841 -0.951334 22
-15.804573 1.799925 -0.347733 10
107.163820 148.169812 161.994152 3.351349 4.981801 -0.893975 40
13.224563 -4.135027 -0.854993 13
12.634057 17.280506 -1.479199 14
-15.804573 1.799925 -0.347733 10
79.226031 153.522190 161.331442 4.423108 3.676584 -0.880341 40
13.000587 12.384668 -1.341955 20
16.073310 -3.154841 -0.951334 22
-15.804573 1.799925 -0.347733 10
24.557284 153.522190 161.994152 3.276690 10.488367 -1.056296 40
13.000587 12.384668 -1.341955 20
12.634057 17.280506 -1.479199 14
-15.804573 1.799925 -0.347733 10
92.230038 153.522190 168.603617 4.762072 2.862561 -0.864073 40
13.000587 12.384668 -1.341955 20
17.090201 -5.596911 -0.902532 11
-15.804573 1.799925 -0.347733 10
103.647295 161.331442 161.994152 4.300931 5.308530 -0.926089 40
16.073310 -3.154841 -0.951334 22
12.634057 17.280506 -1.479199 14
-15.804573 1.799925 -0.347733 10
13.228900 161.331442 168.603617 5.786312 -2.317276 -0.733866 40
16.073310 -3.154841 -0.951334 22
17.090201 -5.596911 -0.902532 11
-15.804573 1.799925 -0.347733 10
116.572503 161.994152 168.603617 4.639895 4.494507 -0.909821 40
12.634057 17.280506 -1.479199 14
17.090201 -5.596911 -0.902532 11
-15.804573 1.799925 -0.347733 10
30.225825 37.798992 40.735237 6.804193 8.798278 -1.089066 40
4.648630 11.764457 -1.126651 19
4.125672 5.745006 -0.934964 15
11.638278 8.885370 -1.205581 21
30.225825 41.888604 55.456040 7.258296 9.964710 -1.134523 40
4.648630 11.764457 -1.126651 19
4.125672 5.745006 -0.934964 15
13.000587 12.384668 -1.341955 20
30.225825 67.158635 90.334660 7.332955 4.458145 -0.972203 40
4.125672 5.745006 -0.934964 15
4.648630 11.764457 -1.126651 19
13.224563 -4.135027 -0.854993 13
30.225825 59.570667 70.344598 8.439869 9.948659 -1.161890 40
4.648630 11.764457 -1.126651 19
4.125672 5.745006 -0.934964 15
16.545306 12.336515 -1.424055 17
30.225825 48.558763 71.721089 7.136119 11.596656 -1.180271 40
4.648630 11.764457 -1.126651 19
4.125672 5.745006 -0.934964 15
12.634057 17.280506 -1.479199 14
30.225825 70.476074 74.180104 9.099317 8.935061 -1.147229 40
4.648630 11.764457 -1.126651 19
4.125672 5.745006 -0.934964 15
18.523650 9.295722 -1.380070 26
30.225825 74.490533 93.960027 8.282537 4.784874 -1.004316 40
4.125672 5.745006 -0.934964 15
4.648630 11.764457 -1.126651 19
16.073310 -3.154841 -0.951334 22
18.788009 40.735237 55.456040 9.588179 9.005015 -1.160834 40
11.638278 8.885370 -1.205581 21
13.000587 12.384668 -1.341955 20
4.125672 5.745006 -0.934964 15
40.735237 42.292064 71.721089 9.466002 10.636961 -1.206582 40
11.638278 8.885370 -1.205581 21
4.125672 5.745006 -0.934964 15
12.634057 17.280506 -1.479199 14
34.498984 40.735237 74.180104 11.429200 7.975366 -1.173539 40
11.638278 8.885370 -1.205581 21
18.523650 9.295722 -1.380070 26
4.125672 5.745006 -0.934964 15
47.175243 70.344598 99.890992 8.429954 4.802739 -1.008323 40
4.125672 5.745006 -0.934964 15
4.618887 -3.673302 -0.665949 11
16.545306 12.336515 -1.424055 17
47.175243 71.721089 112.245979 7.126205 6.450737 -1.026704 40
4.125672 5.745006 -0.934964 15
4.618887 -3.673302 -0.665949 11
12.634057 17.280506 -1.479199 14
17.729977 55.456040 70.344598 11.223855 10.155396 -1.233658 40
13.000587 12.384668 -1.341955 20
16.545306 12.336515 -1.424055 17
4.125672 5.745006 -0.934964 15
24.557284 55.456040 71.721089 9.920105 11.803393 -1.252039 40
13.000587 12.384668 -1.341955 20
12.634057 17.280506 -1.479199 14
4.125672 5.745006 -0.934964 15
31.641460 55.456040 74.180104 11.883303 9.141798 -1.218997 40
13.000587 12.384668 -1.341955 20
18.523650 9.295722 -1.380070 26
4.125672 5.745006 -0.934964 15
55.456040 74.490533 79.226031 11.066523 4.991611 -1.076084 40
4.125672 5.745006 -0.934964 15
13.000587 12.384668 -1.341955 20
16.073310 -3.154841 -0.951334 22
67.158635 71.721089 107.163820 9.994764 6.296828 -1.089719 40
4.125672 5.745006 -0.934964 15
13.224563 -4.135027 -0.854993 13
12.634057 17.280506 -1.479199 14
31.521404 70.344598 71.721089 11.101678 11.787342 -1.279406 40
16.545306 12.336515 -1.424055 17
12.634057 17.280506 -1.479199 14
4.125672 5.745006 -0.934964 15
18.139881 70.344598 74.180104 13.064876 9.125747 -1.246363 40
16.545306 12.336515 -1.424055 17
18.523650 9.295722 -1.380070 26
4.125672 5.745006 -0.934964 15
49.611978 71.721089 74.180104 11.761127 10.773744 -1.264745 40
12.634057 17.280506 -1.479199 14
18.523650 9.295722 -1.380070 26
4.125672 5.745006 -0.934964 15
71.721089 74.490533 103.647295 10.944346 6.623557 -1.121833 40
4.125672 5.745006 -0.934964 15
12.634057 17.280506 -1.479199 14
16.073310 -3.154841 -0.951334 22
17.729977 18.788009 30.015430 13.728057 11.202184 -1.323864 40
13.000587 12.384668 -1.341955 20
16.545306 12.336515 -1.424055 17
11.638278 8.885370 -1.205581 21
18.788009 31.641460 34.498984 14.387506 10.188587 -1.309202 40
13.000587 12.384668 -1.341955 20
11.638278 8.885370 -1.205581 21
18.523650 9.295722 -1.380070 26
18.788009 37.798992 41.888604 9.762498 11.011498 -1.224729 40
11.638278 8.885370 -1.205581 21
13.000587 12.384668 -1.341955 20
4.648630 11.764457 -1.126651 19
18.788009 24.557284 42.292064 12.424308 12.850182 -1.342245 40
13.000587 12.384668 -1.341955 20
11.638278 8.885370 -1.205581 21
12.634057 17.280506 -1.479199 14
18.788009 64.167911 79.226031 13.570725 6.038399 -1.166290 40
11.638278 8.885370 -1.205581 21
13.000587 12.384668 -1.341955 20
16.073310 -3.154841 -0.951334 22
18.788009 68.922584 71.860728 16.865186 9.650330 -1.351553 40
13.000587 12.384668 -1.341955 20
11.638278 8.885370 -1.205581 21
25.956694 7.680953 -1.507123 10
18.139881 30.015430 34.498984 15.569078 10.172535 -1.336569 40
16.545306 12.336515 -1.424055 17
18.523650 9.295722 -1.380070 26
11.638278 8.885370 -1.205581 21
30.015430 37.798992 59.570667 10.944071 10.995447 -1.252096 40
11.638278 8.885370 -1.205581 21
16.545306 12.336515 -1.424055 17
4.648630 11.764457 -1.126651 19
30.015430 31.521404 42.292064 13.605880 12.834130 -1.369612 40
16.545306 12.336515 -1.424055 17
11.638278 8.885370 -1.205581 21
12.634057 17.280506 -1.479199 14
30.015430 52.501282 71.860728 18.046759 9.634279 -1.378920 40
16.545306 12.336515 -1.424055 17
11.638278 8.885370 -1.205581 21
25.956694 7.680953 -1.507123 10
34.498984 37.798992 70.476074 11.603520 9.981849 -1.237434 40
11.638278 8.885370 -1.205581 21
18.523650 9.295722 -1.380070 26
4.648630 11.764457 -1.126651 19
34.498984 42.292064 49.611978 14.265329 11.820532 -1.354950 40
11.638278 8.885370 -1.205581 21
18.523650 9.295722 -1.380070 26
12.634057 17.280506 -1.479199 14
37.798992 42.292064 48.558763 9.640322 12.643444 -1.270477 40
11.638278 8.885370 -1.205581 21
4.648630 11.764457 -1.126651 19
12.634057 17.280506 -1.479199 14
37.798992 64.167911 93.960027 10.786739 5.831662 -1.094522 40
11.638278 8.885370 -1.205581 21
4.648630 11.764457 -1.126651 19
16.073310 -3.154841 -0.951334 22
37.798992 65.606774 90.334660 9.837157 5.504933 -1.062409 40
11.638278 8.885370 -1.205581 21
4.648630 11.764457 -1.126651 19
13.224563 -4.135027 -0.854993 13
37.798992 71.860728 108.495774 14.081200 9.443593 -1.279785 40
11.638278 8.885370 -1.205581 21
4.648630 11.764457 -1.126651 19
25.956694 7.680953 -1.507123 10
40.735237 71.860728 109.620798 13.906881 7.437109 -1.215890 40
11.638278 8.885370 -1.205581 21
4.125672 5.745006 -0.934964 15
25.956694 7.680953 -1.507123 10
42.292064 64.167911 103.647295 13.448548 7.670345 -1.212038 40
11.638278 8.885370 -1.205581 21
12.634057 17.280506 -1.479199 14
16.073310 -3.154841 -0.951334 22
42.292064 71.860728 82.104332 16.743010 11.282276 -1.397301 40
11.638278 8.885370 -1.205581 21
12.634057 17.280506 -1.479199 14
25.956694 7.680953 -1.507123 10
65.606774 71.860728 86.912281 16.939845 4.143765 -1.189233 40
11.638278 8.885370 -1.205581 21
13.224563 -4.135027 -0.854993 13
25.956694 7.680953 -1.507123 10
17.729977 18.139881 31.641460 16.023181 11.338968 -1.382027 40
16.545306 12.336515 -1.424055 17
13.000587 12.384668 -1.341955 20
18.523650 9.295722 -1.380070 26
18.139881 38.037396 52.501282 20.341883 9.771063 -1.437083 40
18.523650 9.295722 -1.380070 26
16.545306 12.336515 -1.424055 17
25.956694 7.680953 -1.507123 10
18.139881 58.557390 65.196636 21.539690 11.618847 -1.520369 40
18.523650 9.295722 -1.380070 26
16.545306 12.336515 -1.424055 17
29.550114 13.224306 -1.756982 26
18.139881 59.570667 70.476074 13.239195 11.132231 -1.310259 40
16.545306 12.336515 -1.424055 17
18.523650 9.295722 -1.380070 26
4.648630 11.764457 -1.126651 19
24.557284 31.641460 49.611978 14.719432 12.986965 -1.400408 40
13.000587 12.384668 -1.341955 20
12.634057 17.280506 -1.479199 14
18.523650 9.295722 -1.380070 26
31.641460 58.557390 82.880041 20.358117 11.634899 -1.493003 40
18.523650 9.295722 -1.380070 26
13.000587 12.384668 -1.341955 20
29.550114 13.224306 -1.756982 26
31.641460 63.483166 79.226031 15.865849 6.175183 -1.224453 40
18.523650 9.295722 -1.380070 26
13.000587 12.384668 -1.341955 20
16.073310 -3.154841 -0.951334 22
31.641460 64.684627 92.346976 18.542318 6.435336 -1.295279 40
18.523650 9.295722 -1.380070 26
13.000587 12.384668 -1.341955 20
24.102717 -2.374382 -1.163812 21
31.641460 41.888604 70.476074 12.057623 11.148282 -1.282892 40
13.000587 12.384668 -1.341955 20
18.523650 9.295722 -1.380070 26
4.648630 11.764457 -1.126651 19
38.037396 49.611978 82.104332 19.038134 11.419060 -1.455464 40
18.523650 9.295722 -1.380070 26
25.956694 7.680953 -1.507123 10
12.634057 17.280506 -1.479199 14
33.054449 38.037396 58.557390 24.676819 10.066993 -1.548059 40
25.956694 7.680953 -1.507123 10
29.550114 13.224306 -1.756982 26
18.523650 9.295722 -1.380070 26
49.611978 58.557390 86.988924 20.235941 13.266844 -1.538751 40
18.523650 9.295722 -1.380070 26
12.634057 17.280506 -1.479199 14
29.550114 13.224306 -1.756982 26
49.611978 63.483166 103.647295 15.743672 7.807129 -1.270201 40
18.523650 9.295722 -1.380070 26
12.634057 17.280506 -1.479199 14
16.073310 -3.154841 -0.951334 22
48.558763 49.611978 70.476074 11.935446 12.780228 -1.328640 40
12.634057 17.280506 -1.479199 14
4.648630 11.764457 -1.126651 19
18.523650 9.295722 -1.380070 26
58.557390 63.483166 106.130788 21.382358 6.455062 -1.362796 40
18.523650 9.295722 -1.380070 26
29.550114 13.224306 -1.756982 26
16.073310 -3.154841 -0.951334 22
58.557390 70.476074 124.761006 17.574131 11.428161 -1.421235 40
18.523650 9.295722 -1.380070 26
29.550114 13.224306 -1.756982 26
4.648630 11.764457 -1.126651 19
63.483166 70.476074 93.960027 13.081863 5.968446 -1.152685 40
18.523650 9.295722 -1.380070 26
16.073310 -3.154841 -0.951334 22
4.648630 11.764457 -1.126651 19
64.684627 70.476074 120.246580 15.758332 6.228599 -1.223511 40
18.523650 9.295722 -1.380070 26
24.102717 -2.374382 -1.163812 21
4.648630 11.764457 -1.126651 19
33.054449 52.501282 65.196636 24.017371 11.080591 -1.562720 40
25.956694 7.680953 -1.507123 10
29.550114 13.224306 -1.756982 26
16.545306 12.336515 -1.424055 17
33.054449 34.231114 55.011885 30.572916 10.851724 -1.710390 40
29.550114 13.224306 -1.756982 26
25.956694 7.680953 -1.507123 10
36.211939 11.649914 -1.867064 25
33.054449 68.922584 82.880041 22.835798 11.096642 -1.535354 40
25.956694 7.680953 -1.507123 10
29.550114 13.224306 -1.756982 26
13.000587 12.384668 -1.341955 20
33.054449 71.860728 92.190593 22.381695 9.930210 -1.489896 40
25.956694 7.680953 -1.507123 10
29.550114 13.224306 -1.756982 26
11.638278 8.885370 -1.205581 21
38.037396 55.011885 89.254547 26.897429 9.542196 -1.584752 40
25.956694 7.680953 -1.507123 10
18.523650 9.295722 -1.380070 26
36.211939 11.649914 -1.867064 25
38.037396 72.943178 108.463841 27.309965 5.223981 -1.465804 40
25.956694 7.680953 -1.507123 10
18.523650 9.295722 -1.380070 26
37.449549 -1.304732 -1.510218 17
51.152921 55.011885 92.710401 28.757117 5.652161 -1.512666 40
25.956694 7.680953 -1.507123 10
24.102717 -2.374382 -1.163812 21
36.211939 11.649914 -1.867064 25
51.152921 68.922584 92.346976 21.019999 5.897080 -1.337630 40
25.956694 7.680953 -1.507123 10
24.102717 -2.374382 -1.163812 21
13.000587 12.384668 -1.341955 20
52.501282 55.011885 98.418014 26.237980 10.555794 -1.599414 40
25.956694 7.680953 -1.507123 10
16.545306 12.336515 -1.424055 17
36.211939 11.649914 -1.867064 25
17.729977 52.501282 68.922584 18.500862 10.800712 -1.424378 40
16.545306 12.336515 -1.424055 17
13.000587 12.384668 -1.341955 20
25.956694 7.680953 -1.507123 10
55.011885 68.922584 116.144577 25.056407 10.571845 -1.572047 40
25.956694 7.680953 -1.507123 10
36.211939 11.649914 -1.867064 25
13.000587 12.384668 -1.341955 20
55.011885 71.860728 123.687620 24.602304 9.405412 -1.526589 40
25.956694 7.680953 -1.507123 10
36.211939 11.649914 -1.867064 25
11.638278 8.885370 -1.205581 21
55.011885 73.383344 125.058367 26.080648 5.392008 -1.441840 40
25.956694 7.680953 -1.507123 10
36.211939 11.649914 -1.867064 25
16.073310 -3.154841 -0.951334 22
68.922584 72.943178 140.105296 25.468944 6.253630 -1.453099 40
25.956694 7.680953 -1.507123 10
13.000587 12.384668 -1.341955 20
37.449549 -1.304732 -1.510218 17
68.922584 73.383344 79.226031 18.343530 5.636927 -1.266804 40
25.956694 7.680953 -1.507123 10
13.000587 12.384668 -1.341955 20
16.073310 -3.154841 -0.951334 22
71.860728 72.943178 138.758126 25.014841 5.087197 -1.407641 40
25.956694 7.680953 -1.507123 10
11.638278 8.885370 -1.205581 21
37.449549 -1.304732 -1.510218 17
72.943178 73.383344 107.317164 26.493184 1.073793 -1.322892 40
25.956694 7.680953 -1.507123 10
37.449549 -1.304732 -1.510218 17
16.073310 -3.154841 -0.951334 22
24.557284 41.888604 48.558763 10.094425 13.809877 -1.315935 40
13.000587 12.384668 -1.341955 20
12.634057 17.280506 -1.479199 14
4.648630 11.764457 -1.126651 19
41.888604 82.641942 90.334660 10.291260 6.671366 -1.107866 40
13.000587 12.384668 -1.341955 20
4.648630 11.764457 -1.126651 19
13.224563 -4.135027 -0.854993 13
41.888604 79.226031 93.960027 11.240842 6.998095 -1.139980 40
13.000587 12.384668 -1.341955 20
4.648630 11.764457 -1.126651 19
16.073310 -3.154841 -0.951334 22
31.521404 48.558763 59.570667 11.275997 13.793826 -1.343302 40
12.634057 17.280506 -1.479199 14
16.545306 12.336515 -1.424055 17
4.648630 11.764457 -1.126651 19
48.558763 77.223298 112.245979 7.300524 8.457220 -1.090600 40
4.648630 11.764457 -1.126651 19
12.634057 17.280506 -1.479199 14
4.618887 -3.673302 -0.665949 11
48.558763 90.334660 107.163820 10.169083 8.303312 -1.153615 40
4.648630 11.764457 -1.126651 19
12.634057 17.280506 -1.479199 14
13.224563 -4.135027 -0.854993 13
48.558763 93.960027 103.647295 11.118665 8.630041 -1.185728 40
4.648630 11.764457 -1.126651 19
12.634057 17.280506 -1.479199 14
16.073310 -3.154841 -0.951334 22
59.570667 77.223298 99.890992 8.604274 6.809223 -1.072218 40
4.648630 11.764457 -1.126651 19
16.545306 12.336515 -1.424055 17
4.618887 -3.673302 -0.665949 11
59.570667 84.062901 90.334660 11.472833 6.655315 -1.135233 40
16.545306 12.336515 -1.424055 17
4.648630 11.764457 -1.126651 19
13.224563 -4.135027 -0.854993 13
59.570667 77.528760 93.960027 12.422415 6.982043 -1.167347 40
16.545306 12.336515 -1.424055 17
4.648630 11.764457 -1.126651 19
16.073310 -3.154841 -0.951334 22
70.476074 72.239362 90.334660 12.132281 5.641717 -1.120572 40
18.523650 9.295722 -1.380070 26
4.648630 11.764457 -1.126651 19
13.224563 -4.135027 -0.854993 13
15.070996 90.334660 93.960027 11.315501 1.491529 -0.977659 40
13.224563 -4.135027 -0.854993 13
16.073310 -3.154841 -0.951334 22
4.648630 11.764457 -1.126651 19
17.729977 24.557284 31.521404 14.059983 14.000563 -1.415070 40
13.000587 12.384668 -1.341955 20
16.545306 12.336515 -1.424055 17
12.634057 17.280506 -1.479199 14
17.729977 77.528760 79.226031 15.206401 7.188781 -1.239115 40
16.545306 12.336515 -1.424055 17
13.000587 12.384668 -1.341955 20
16.073310 -3.154841 -0.951334 22
24.557284 68.922584 82.104332 17.197113 12.448709 -1.442759 40
13.000587 12.384668 -1.341955 20
12.634057 17.280506 -1.479199 14
25.956694 7.680953 -1.507123 10
41.888604 68.922584 108.495774 14.535304 10.610026 -1.325243 40
13.000587 12.384668 -1.341955 20
4.648630 11.764457 -1.126651 19
25.956694 7.680953 -1.507123 10
55.456040 68.922584 109.620798 14.360984 8.603542 -1.261347 40
13.000587 12.384668 -1.341955 20
4.125672 5.745006 -0.934964 15
25.956694 7.680953 -1.507123 10
68.922584 82.641942 86.912281 17.393948 5.310198 -1.234691 40
13.000587 12.384668 -1.341955 20
25.956694 7.680953 -1.507123 10
13.224563 -4.135027 -0.854993 13
30.015430 65.196636 92.190593 19.244566 11.482064 -1.462206 40
16.545306 12.336515 -1.424055 17
11.638278 8.885370 -1.205581 21
29.550114 13.224306 -1.756982 26
31.521404 52.501282 82.104332 18.378685 12.432658 -1.470126 40
16.545306 12.336515 -1.424055 17
12.634057 17.280506 -1.479199 14
25.956694 7.680953 -1.507123 10
31.521404 65.196636 86.988924 19.576492 14.280442 -1.553412 40
16.545306 12.336515 -1.424055 17
12.634057 17.280506 -1.479199 14
29.550114 13.224306 -1.756982 26
31.521404 77.528760 103.647295 15.084224 8.820726 -1.284863 40
16.545306 12.336515 -1.424055 17
12.634057 17.280506 -1.479199 14
16.073310 -3.154841 -0.951334 22
52.501282 59.570667 108.495774 15.716876 10.593975 -1.352610 40
16.545306 12.336515 -1.424055 17
25.956694 7.680953 -1.507123 10
4.648630 11.764457 -1.126651 19
52.501282 70.344598 109.620798 15.542557 8.587491 -1.288714 40
16.545306 12.336515 -1.424055 17
25.956694 7.680953 -1.507123 10
4.125672 5.745006 -0.934964 15
65.196636 70.344598 132.572423 16.740363 10.435275 -1.372001 40
16.545306 12.336515 -1.424055 17
29.550114 13.224306 -1.756982 26
4.125672 5.745006 -0.934964 15
65.196636 77.528760 106.130788 20.722909 7.468660 -1.377457 40
16.545306 12.336515 -1.424055 17
29.550114 13.224306 -1.756982 26
16.073310 -3.154841 -0.951334 22
25.299087 34.231114 55.493544 35.456095 13.008727 -1.889740 40
36.211939 11.649914 -1.867064 25
40.606230 14.151960 -2.045174 16
29.550114 13.224306 -1.756982 26
20.475778 25.299087 35.023723 40.000048 12.256777 -1.974417 40
40.606230 14.151960 -2.045174 16
43.181971 10.968457 -2.011015 13
36.211939 11.649914 -1.867064 25
15.322085 25.299087 39.595940 40.161200 13.371750 -2.011438 40
40.606230 14.151960 -2.045174 16
43.665426 14.313376 -2.122077 17
36.211939 11.649914 -1.867064 25
19.580670 25.299087 41.623944 39.501442 14.571870 -2.031650 40
40.606230 14.151960 -2.045174 16
41.686155 17.913736 -2.182714 18
36.211939 11.649914 -1.867064 25
25.299087 36.793998 60.383305 41.591824 13.412659 -2.046371 40
40.606230 14.151960 -2.045174 16
36.211939 11.649914 -1.867064 25
47.957296 14.436104 -2.226877 27
34.231114 39.595940 70.809863 36.475828 13.062532 -1.915374 40
36.211939 11.649914 -1.867064 25
29.550114 13.224306 -1.756982 26
43.665426 14.313376 -2.122077 17
34.231114 41.623944 65.087529 35.816069 14.262652 -1.935587 40
36.211939 11.649914 -1.867064 25
29.550114 13.224306 -1.756982 26
41.686155 17.913736 -2.182714 18
34.231114 60.383305 92.265065 37.906451 13.103441 -1.950308 40
36.211939 11.649914 -1.867064 25
29.550114 13.224306 -1.756982 26
47.957296 14.436104 -2.226877 27
34.231114 64.063585 92.607802 37.763570 14.171916 -1.978778 40
36.211939 11.649914 -1.867064 25
29.550114 13.224306 -1.756982 26
47.528654 17.641529 -2.312288 13
16.907505 35.023723 39.595940 41.019780 12.310582 -2.000052 40
43.181971 10.968457 -2.011015 13
43.665426 14.313376 -2.122077 17
36.211939 11.649914 -1.867064 25
35.023723 35.533032 41.623944 40.360022 13.510702 -2.020264 40
43.181971 10.968457 -2.011015 13
36.211939 11.649914 -1.867064 25
41.686155 17.913736 -2.182714 18
35.023723 55.011885 87.717133 35.116869 10.099775 -1.795067 40
36.211939 11.649914 -1.867064 25
43.181971 10.968457 -2.011015 13
25.956694 7.680953 -1.507123 10
29.527489 35.023723 60.383305 42.450404 12.351492 -2.034985 40
43.181971 10.968457 -2.011015 13
47.957296 14.436104 -2.226877 27
36.211939 11.649914 -1.867064 25
35.023723 39.847933 64.063585 42.307523 13.419967 -2.063456 40
43.181971 10.968457 -2.011015 13
36.211939 11.649914 -1.867064 25
47.528654 17.641529 -2.312288 13
20.544948 39.595940 41.623944 40.521174 14.625676 -2.057285 40
43.665426 14.313376 -2.122077 17
41.686155 17.913736 -2.182714 18
36.211939 11.649914 -1.867064 25
25.513383 39.595940 64.063585 42.468675 14.534940 -2.100476 40
43.665426 14.313376 -2.122077 17
47.528654 17.641529 -2.312288 13
36.211939 11.649914 -1.867064 25
41.623944 55.011885 93.885860 34.618263 12.414868 -1.852300 40
36.211939 11.649914 -1.867064 25
41.686155 17.913736 -2.182714 18
25.956694 7.680953 -1.507123 10
35.854963 41.623944 60.383305 41.951797 14.666585 -2.092218 40
41.686155 17.913736 -2.182714 18
47.957296 14.436104 -2.226877 27
36.211939 11.649914 -1.867064 25
29.251377 41.623944 64.063585 41.808917 15.735060 -2.120688 40
41.686155 17.913736 -2.182714 18
47.528654 17.641529 -2.312288 13
36.211939 11.649914 -1.867064 25
41.623944 65.092596 98.456912 38.449215 9.419640 -1.853332 40
36.211939 11.649914 -1.867064 25
41.686155 17.913736 -2.182714 18
37.449549 -1.304732 -1.510218 17
16.175429 60.383305 64.063585 43.899298 14.575849 -2.135410 40
47.957296 14.436104 -2.226877 27
47.528654 17.641529 -2.312288 13
36.211939 11.649914 -1.867064 25
64.063585 65.092596 107.376959 40.396716 9.328904 -1.896523 40
36.211939 11.649914 -1.867064 25
47.528654 17.641529 -2.312288 13
37.449549 -1.304732 -1.510218 17
15.322085 16.907505 20.475778 42.484544 13.144598 -2.059422 40
43.665426 14.313376 -2.122077 17
40.606230 14.151960 -2.045174 16
43.181971 10.968457 -2.011015 13
16.907505 21.474516 29.527489 44.934900 13.239312 -2.119990 40
43.665426 14.313376 -2.122077 17
43.181971 10.968457 -2.011015 13
47.957296 14.436104 -2.226877 27
16.907505 20.544948 35.533032 42.844518 14.398523 -2.105269 40
43.665426 14.313376 -2.122077 17
43.181971 10.968457 -2.011015 13
41.686155 17.913736 -2.182714 18
16.907505 25.513383 39.847933 44.792019 14.307788 -2.148460 40
43.665426 14.313376 -2.122077 17
43.181971 10.968457 -2.011015 13
47.528654 17.641529 -2.312288 13
16.907505 61.020190 62.170979 47.478915 12.334481 -2.152981 40
43.665426 14.313376 -2.122077 17
43.181971 10.968457 -2.011015 13
55.589342 11.721610 -2.325851 21
16.907505 57.460380 63.015268 47.328093 13.406607 -2.181373 40
43.665426 14.313376 -2.122077 17
43.181971 10.968457 -2.011015 13
55.136878 14.937988 -2.411027 23
20.475778 29.527489 36.793998 43.915167 13.185507 -2.094355 40
43.181971 10.968457 -2.011015 13
40.606230 14.151960 -2.045174 16
47.957296 14.436104 -2.226877 27
19.580670 20.475778 35.533032 41.824786 14.344718 -2.079634 40
40.606230 14.151960 -2.045174 16
41.686155 17.913736 -2.182714 18
43.181971 10.968457 -2.011015 13
20.475778 38.784145 39.847933 43.772287 14.253982 -2.122826 40
40.606230 14.151960 -2.045174 16
43.181971 10.968457 -2.011015 13
47.528654 17.641529 -2.312288 13
20.475778 62.170979 75.907679 46.459183 12.280676 -2.127347 40
43.181971 10.968457 -2.011015 13
40.606230 14.151960 -2.045174 16
55.589342 11.721610 -2.325851 21
20.475778 63.015268 72.782448 46.308361 13.352802 -2.155739 40
43.181971 10.968457 -2.011015 13
40.606230 14.151960 -2.045174 16
55.136878 14.937988 -2.411027 23
29.527489 35.533032 35.854963 44.275141 14.439432 -2.140202 40
43.181971 10.968457 -2.011015 13
47.957296 14.436104 -2.226877 27
41.686155 17.913736 -2.182714 18
16.175429 29.527489 39.847933 46.222642 14.348697 -2.183393 40
47.957296 14.436104 -2.226877 27
47.528654 17.641529 -2.312288 13
43.181971 10.968457 -2.011015 13
29.527489 40.505059 62.170979 48.909538 12.375390 -2.187914 40
47.957296 14.436104 -2.226877 27
43.181971 10.968457 -2.011015 13
55.589342 11.721610 -2.325851 21
29.527489 35.997283 63.015268 48.758717 13.447516 -2.216306 40
47.957296 14.436104 -2.226877 27
43.181971 10.968457 -2.011015 13
55.136878 14.937988 -2.411027 23
35.023723 63.015268 96.080773 44.843597 12.518786 -2.096368 40
43.181971 10.968457 -2.011015 13
36.211939 11.649914 -1.867064 25
55.136878 14.937988 -2.411027 23
29.251377 35.533032 39.847933 44.132261 15.507908 -2.168672 40
41.686155 17.913736 -2.182714 18
47.528654 17.641529 -2.312288 13
43.181971 10.968457 -2.011015 13
35.533032 62.170979 76.102171 46.819157 13.534601 -2.173193 40
43.181971 10.968457 -2.011015 13
41.686155 17.913736 -2.182714 18
55.589342 11.721610 -2.325851 21
35.533032 63.015268 68.889263 46.668335 14.606727 -2.201585 40
43.181971 10.968457 -2.011015 13
41.686155 17.913736 -2.182714 18
55.136878 14.937988 -2.411027 23
35.533032 67.775846 98.456912 40.772559 9.192487 -1.901315 40
43.181971 10.968457 -2.011015 13
41.686155 17.913736 -2.182714 18
37.449549 -1.304732 -1.510218 17
39.847933 50.005078 62.170979 48.766658 13.443865 -2.216385 40
47.528654 17.641529 -2.312288 13
43.181971 10.968457 -2.011015 13
55.589342 11.721610 -2.325851 21
39.847933 40.374479 63.015268 48.615836 14.515991 -2.244777 40
47.528654 17.641529 -2.312288 13
43.181971 10.968457 -2.011015 13
55.136878 14.937988 -2.411027 23
16.245816 62.170979 63.015268 51.302732 12.542685 -2.249297 40
55.589342 11.721610 -2.325851 21
55.136878 14.937988 -2.411027 23
43.181971 10.968457 -2.011015 13
62.170979 67.775846 111.736623 45.406956 7.128445 -1.949028 40
43.181971 10.968457 -2.011015 13
55.589342 11.721610 -2.325851 21
37.449549 -1.304732 -1.510218 17
63.015268 67.775846 120.153960 45.256134 8.200571 -1.977420 40
43.181971 10.968457 -2.011015 13
55.136878 14.937988 -2.411027 23
37.449549 -1.304732 -1.510218 17
16.245816 39.628531 43.994525 58.074764 12.953119 -2.421118 40
55.589342 11.721610 -2.325851 21
55.136878 14.937988 -2.411027 23
63.498071 12.199760 -2.526477 11
16.245816 35.997283 40.505059 52.894507 13.698567 -2.321251 40
55.136878 14.937988 -2.411027 23
55.589342 11.721610 -2.325851 21
47.957296 14.436104 -2.226877 27
16.245816 39.584548 41.666769 57.920191 14.038033 -2.449803 40
55.136878 14.937988 -2.411027 23
55.589342 11.721610 -2.325851 21
63.034350 15.454500 -2.612530 16
16.245816 40.374479 50.005078 52.751626 14.767042 -2.349722 40
55.136878 14.937988 -2.411027 23
55.589342 11.721610 -2.325851 21
47.528654 17.641529 -2.312288 13
16.245816 57.460380 61.020190 51.463884 13.657658 -2.286318 40
55.136878 14.937988 -2.411027 23
55.589342 11.721610 -2.325851 21
43.665426 14.313376 -2.122077 17
30.232135 39.628531 51.000894 58.004767 13.883595 -2.447194 40
55.589342 11.721610 -2.325851 21
54.926889 17.729416 -2.489255 20
63.498071 12.199760 -2.526477 11
30.232135 38.564854 40.505059 52.824510 14.629043 -2.347327 40
54.926889 17.729416 -2.489255 20
55.589342 11.721610 -2.325851 21
47.957296 14.436104 -2.226877 27
30.232135 41.666769 42.107424 57.850194 14.968509 -2.475879 40
55.589342 11.721610 -2.325851 21
54.926889 17.729416 -2.489255 20
63.034350 15.454500 -2.612530 16
30.232135 37.004347 50.005078 52.681629 15.697518 -2.375798 40
54.926889 17.729416 -2.489255 20
55.589342 11.721610 -2.325851 21
47.528654 17.641529 -2.312288 13
30.232135 58.869476 61.020190 51.393887 14.588134 -2.312394 40
54.926889 17.729416 -2.489255 20
55.589342 11.721610 -2.325851 21
43.665426 14.313376 -2.122077 17
30.232135 62.170979 67.801604 51.232735 13.473161 -2.275373 40
55.589342 11.721610 -2.325851 21
54.926889 17.729416 -2.489255 20
43.181971 10.968457 -2.011015 13
39.628531 40.505059 78.518559 55.681571 12.785824 -2.359735 40
55.589342 11.721610 -2.325851 21
63.498071 12.199760 -2.526477 11
47.957296 14.436104 -2.226877 27
16.443674 39.628531 41.666769 60.707255 13.125290 -2.488286 40
63.498071 12.199760 -2.526477 11
63.034350 15.454500 -2.612530 16
55.589342 11.721610 -2.325851 21
39.628531 50.005078 84.362447 55.538690 13.854300 -2.388205 40
55.589342 11.721610 -2.325851 21
63.498071 12.199760 -2.526477 11
47.528654 17.641529 -2.312288 13
40.505059 41.666769 75.581642 55.526998 13.870738 -2.388419 40
55.589342 11.721610 -2.325851 21
47.957296 14.436104 -2.226877 27
63.034350 15.454500 -2.612530 16
16.175429 40.505059 50.005078 50.358433 14.599748 -2.288339 40
47.957296 14.436104 -2.226877 27
47.528654 17.641529 -2.312288 13
55.589342 11.721610 -2.325851 21
41.666769 50.005078 78.310252 55.384117 14.939213 -2.416890 40
55.589342 11.721610 -2.325851 21
63.034350 15.454500 -2.612530 16
47.528654 17.641529 -2.312288 13
41.666769 61.020190 97.043532 54.096375 13.829829 -2.353486 40
55.589342 11.721610 -2.325851 21
63.034350 15.454500 -2.612530 16
43.665426 14.313376 -2.122077 17
41.666769 62.170979 101.809054 53.935223 12.714856 -2.316465 40
55.589342 11.721610 -2.325851 21
63.034350 15.454500 -2.612530 16
43.181971 10.968457 -2.011015 13
41.666769 63.821834 96.293440 57.044666 8.839384 -2.274265 40
55.589342 11.721610 -2.325851 21
63.034350 15.454500 -2.612530 16
52.510304 -0.657958 -1.884414 20
25.513383 50.005078 61.020190 48.927809 14.558839 -2.253405 40
47.528654 17.641529 -2.312288 13
43.665426 14.313376 -2.122077 17
55.589342 11.721610 -2.325851 21
50.005078 63.821834 94.851350 51.876101 9.568394 -2.174184 40
55.589342 11.721610 -2.325851 21
47.528654 17.641529 -2.312288 13
52.510304 -0.657958 -1.884414 20
16.443674 39.584548 43.994525 60.556433 14.197416 -2.516678 40
63.034350 15.454500 -2.612530 16
63.498071 12.199760 -2.526477 11
55.136878 14.937988 -2.411027 23
16.443674 42.107424 51.000894 60.486436 15.127892 -2.542754 40
63.034350 15.454500 -2.612530 16
63.498071 12.199760 -2.526477 11
54.926889 17.729416 -2.489255 20
16.443674 75.581642 78.518559 58.163240 14.030121 -2.455295 40
63.034350 15.454500 -2.612530 16
63.498071 12.199760 -2.526477 11
47.957296 14.436104 -2.226877 27
16.443674 78.310252 84.362447 58.020359 15.098596 -2.483765 40
63.034350 15.454500 -2.612530 16
63.498071 12.199760 -2.526477 11
47.528654 17.641529 -2.312288 13
16.443674 84.626258 96.293440 59.680908 8.998767 -2.341140 40
63.498071 12.199760 -2.526477 11
63.034350 15.454500 -2.612530 16
52.510304 -0.657958 -1.884414 20
14.002044 43.994525 51.000894 57.853945 14.955721 -2.475586 40
55.136878 14.937988 -2.411027 23
54.926889 17.729416 -2.489255 20
63.498071 12.199760 -2.526477 11
35.997283 43.994525 78.518559 55.530749 13.857950 -2.388127 40
55.136878 14.937988 -2.411027 23
47.957296 14.436104 -2.226877 27
63.498071 12.199760 -2.526477 11
38.564854 51.000894 78.518559 55.460752 14.788426 -2.414203 40
54.926889 17.729416 -2.489255 20
47.957296 14.436104 -2.226877 27
63.498071 12.199760 -2.526477 11
37.004347 51.000894 84.362447 55.317871 15.856901 -2.442673 40
54.926889 17.729416 -2.489255 20
47.528654 17.641529 -2.312288 13
63.498071 12.199760 -2.526477 11
77.178315 84.362447 120.445671 57.064832 8.992719 -2.279309 40
63.498071 12.199760 -2.526477 11
60.167772 -2.863133 -1.999163 17
47.528654 17.641529 -2.312288 13
16.175429 78.518559 84.362447 52.994675 14.759131 -2.355214 40
47.957296 14.436104 -2.226877 27
47.528654 17.641529 -2.312288 13
63.498071 12.199760 -2.526477 11
84.362447 84.626258 94.851350 54.512343 9.727777 -2.241060 40
63.498071 12.199760 -2.526477 11
47.528654 17.641529 -2.312288 13
52.510304 -0.657958 -1.884414 20
33.054449 55.493544 80.120596 32.037680 11.685740 -1.769760 40
29.550114 13.224306 -1.756982 26
25.956694 7.680953 -1.507123 10
40.606230 14.151960 -2.045174 16
33.054449 65.087529 93.885860 32.397654 12.939665 -1.815606 40
29.550114 13.224306 -1.756982 26
25.956694 7.680953 -1.507123 10
41.686155 17.913736 -2.182714 18
33.054449 69.097930 87.717133 32.896260 10.624572 -1.758374 40
29.550114 13.224306 -1.756982 26
25.956694 7.680953 -1.507123 10
43.181971 10.968457 -2.011015 13
33.054449 70.809863 94.600011 33.057412 11.739545 -1.795394 40
29.550114 13.224306 -1.756982 26
25.956694 7.680953 -1.507123 10
43.665426 14.313376 -2.122077 17
34.231114 58.557390 89.254547 28.095235 11.389980 -1.668039 40
29.550114 13.224306 -1.756982 26
36.211939 11.649914 -1.867064 25
18.523650 9.295722 -1.380070 26
34.231114 65.196636 98.418014 27.435787 12.403578 -1.682701 40
29.550114 13.224306 -1.756982 26
36.211939 11.649914 -1.867064 25
16.545306 12.336515 -1.424055 17
34.231114 82.665750 92.710401 29.954924 7.499946 -1.595953 40
29.550114 13.224306 -1.756982 26
36.211939 11.649914 -1.867064 25
24.102717 -2.374382 -1.163812 21
19.580670 55.493544 65.087529 37.280833 15.096668 -1.994957 40
40.606230 14.151960 -2.045174 16
41.686155 17.913736 -2.182714 18
29.550114 13.224306 -1.756982 26
20.475778 55.493544 69.097930 37.779439 12.781575 -1.937724 40
40.606230 14.151960 -2.045174 16
43.181971 10.968457 -2.011015 13
29.550114 13.224306 -1.756982 26
55.493544 82.665750 116.861327 31.419687 8.333961 -1.655323 40
29.550114 13.224306 -1.756982 26
40.606230 14.151960 -2.045174 16
24.102717 -2.374382 -1.163812 21
58.557390 69.097930 123.615223 30.418579 11.162828 -1.716023 40
29.550114 13.224306 -1.756982 26
18.523650 9.295722 -1.380070 26
43.181971 10.968457 -2.011015 13
58.557390 70.809863 128.241605 30.579731 12.277801 -1.753043 40
29.550114 13.224306 -1.756982 26
18.523650 9.295722 -1.380070 26
43.665426 14.313376 -2.122077 17
65.087529 65.196636 128.816070 29.260524 14.491519 -1.787917 40
29.550114 13.224306 -1.756982 26
41.686155 17.913736 -2.182714 18
16.545306 12.336515 -1.424055 17
35.533032 65.087529 69.097930 38.139413 14.035500 -1.983570 40
41.686155 17.913736 -2.182714 18
43.181971 10.968457 -2.011015 13
29.550114 13.224306 -1.756982 26
20.544948 65.087529 70.809863 38.300565 15.150473 -2.020591 40
41.686155 17.913736 -2.182714 18
43.665426 14.313376 -2.122077 17
29.550114 13.224306 -1.756982 26
65.087529 82.665750 134.333832 31.779661 9.587887 -1.701169 40
29.550114 13.224306 -1.756982 26
41.686155 17.913736 -2.182714 18
24.102717 -2.374382 -1.163812 21
16.907505 69.097930 70.809863 38.799171 12.835380 -1.963358 40
43.181971 10.968457 -2.011015 13
43.665426 14.313376 -2.122077 17
29.550114 13.224306 -1.756982 26
69.097930 82.665750 116.486813 32.278268 7.272794 -1.643936 40
29.550114 13.224306 -1.756982 26
43.181971 10.968457 -2.011015 13
24.102717 -2.374382 -1.163812 21
70.809863 82.665750 128.656447 32.439419 8.387767 -1.680957 40
29.550114 13.224306 -1.756982 26
43.665426 14.313376 -2.122077 17
24.102717 -2.374382 -1.163812 21
15.322085 19.580670 20.544948 41.985938 15.459691 -2.116655 40
40.606230 14.151960 -2.045174 16
43.665426 14.313376 -2.122077 17
41.686155 17.913736 -2.182714 18
15.322085 25.513383 38.784145 43.933439 15.368955 -2.159846 40
43.665426 14.313376 -2.122077 17
40.606230 14.151960 -2.045174 16
47.528654 17.641529 -2.312288 13
19.580670 35.854963 36.793998 43.416561 15.500600 -2.151588 40
41.686155 17.913736 -2.182714 18
40.606230 14.151960 -2.045174 16
47.957296 14.436104 -2.226877 27
19.580670 29.251377 38.784145 43.273680 16.569075 -2.180059 40
41.686155 17.913736 -2.182714 18
40.606230 14.151960 -2.045174 16
47.528654 17.641529 -2.312288 13
19.580670 68.889263 72.782448 45.809755 15.667895 -2.212971 40
41.686155 17.913736 -2.182714 18
40.606230 14.151960 -2.045174 16
55.136878 14.937988 -2.411027 23
19.580670 66.227822 73.837080 45.739758 16.598371 -2.239047 40
41.686155 17.913736 -2.182714 18
40.606230 14.151960 -2.045174 16
54.926889 17.729416 -2.489255 20
20.475778 67.801604 73.837080 46.238364 14.283278 -2.181815 40
43.181971 10.968457 -2.011015 13
40.606230 14.151960 -2.045174 16
54.926889 17.729416 -2.489255 20
25.299087 72.782448 96.080773 43.985017 13.579954 -2.107755 40
40.606230 14.151960 -2.045174 16
36.211939 11.649914 -1.867064 25
55.136878 14.937988 -2.411027 23
16.175429 36.793998 38.784145 45.364062 15.409864 -2.194780 40
47.957296 14.436104 -2.226877 27
47.528654 17.641529 -2.312288 13
40.606230 14.151960 -2.045174 16
36.793998 38.564854 73.837080 47.830139 15.439160 -2.253769 40
47.957296 14.436104 -2.226877 27
40.606230 14.151960 -2.045174 16
54.926889 17.729416 -2.489255 20
38.784145 55.493544 92.607802 39.228334 15.005932 -2.038148 40
40.606230 14.151960 -2.045174 16
47.528654 17.641529 -2.312288 13
29.550114 13.224306 -1.756982 26
38.784145 40.374479 72.782448 47.757256 15.577159 -2.256163 40
47.528654 17.641529 -2.312288 13
40.606230 14.151960 -2.045174 16
55.136878 14.937988 -2.411027 23
37.004347 38.784145 73.837080 47.687258 16.507635 -2.282239 40
47.528654 17.641529 -2.312288 13
54.926889 17.729416 -2.489255 20
40.606230 14.151960 -2.045174 16
14.002044 72.782448 73.837080 50.223333 15.606455 -2.315152 40
55.136878 14.937988 -2.411027 23
54.926889 17.729416 -2.489255 20
40.606230 14.151960 -2.045174 16
16.907505 58.869476 67.801604 47.258096 14.337083 -2.207449 40
43.665426 14.313376 -2.122077 17
43.181971 10.968457 -2.011015 13
54.926889 17.729416 -2.489255 20
20.544948 21.474516 35.854963 44.436293 15.554406 -2.177223 40
43.665426 14.313376 -2.122077 17
41.686155 17.913736 -2.182714 18
47.957296 14.436104 -2.226877 27
20.544948 25.513383 29.251377 44.293413 16.622881 -2.205693 40
43.665426 14.313376 -2.122077 17
41.686155 17.913736 -2.182714 18
47.528654 17.641529 -2.312288 13
20.544948 57.460380 68.889263 46.829487 15.721700 -2.238606 40
43.665426 14.313376 -2.122077 17
41.686155 17.913736 -2.182714 18
55.136878 14.937988 -2.411027 23
20.544948 58.869476 66.227822 46.759490 16.652176 -2.264682 40
43.665426 14.313376 -2.122077 17
41.686155 17.913736 -2.182714 18
54.926889 17.729416 -2.489255 20
20.544948 61.020190 76.102171 46.980309 14.649574 -2.210214 40
43.665426 14.313376 -2.122077 17
41.686155 17.913736 -2.182714 18
55.589342 11.721610 -2.325851 21
16.175429 21.474516 25.513383 46.383794 15.463670 -2.220414 40
47.957296 14.436104 -2.226877 27
47.528654 17.641529 -2.312288 13
43.665426 14.313376 -2.122077 17
21.474516 38.564854 58.869476 48.849871 15.492965 -2.279403 40
47.957296 14.436104 -2.226877 27
43.665426 14.313376 -2.122077 17
54.926889 17.729416 -2.489255 20
25.513383 40.374479 57.460380 48.776988 15.630964 -2.281797 40
47.528654 17.641529 -2.312288 13
43.665426 14.313376 -2.122077 17
55.136878 14.937988 -2.411027 23
25.513383 37.004347 58.869476 48.706991 16.561440 -2.307873 40
47.528654 17.641529 -2.312288 13
43.665426 14.313376 -2.122077 17
54.926889 17.729416 -2.489255 20
39.595940 61.020190 96.914830 45.155571 12.561633 -2.104997 40
43.665426 14.313376 -2.122077 17
36.211939 11.649914 -1.867064 25
55.589342 11.721610 -2.325851 21
14.002044 57.460380 58.869476 51.243065 15.660260 -2.340786 40
55.136878 14.937988 -2.411027 23
54.926889 17.729416 -2.489255 20
43.665426 14.313376 -2.122077 17
16.175429 29.251377 35.854963 45.724036 16.663790 -2.240626 40
47.528654 17.641529 -2.312288 13
47.957296 14.436104 -2.226877 27
41.686155 17.913736 -2.182714 18
16.175429 35.997283 40.374479 50.207611 15.671873 -2.316731 40
47.957296 14.436104 -2.226877 27
47.528654 17.641529 -2.312288 13
55.136878 14.937988 -2.411027 23
16.175429 37.004347 38.564854 50.137614 16.602350 -2.342807 40
47.528654 17.641529 -2.312288 13
47.957296 14.436104 -2.226877 27
54.926889 17.729416 -2.489255 20
35.854963 35.997283 68.889263 48.260110 15.762609 -2.273539 40
47.957296 14.436104 -2.226877 27
41.686155 17.913736 -2.182714 18
55.136878 14.937988 -2.411027 23
35.854963 38.564854 66.227822 48.190113 16.693085 -2.299615 40
47.957296 14.436104 -2.226877 27
41.686155 17.913736 -2.182714 18
54.926889 17.729416 -2.489255 20
14.002044 35.997283 38.564854 52.673688 15.701169 -2.375719 40
55.136878 14.937988 -2.411027 23
54.926889 17.729416 -2.489255 20
47.957296 14.436104 -2.226877 27
36.793998 40.505059 75.907679 48.050958 13.436558 -2.199301 40
47.957296 14.436104 -2.226877 27
40.606230 14.151960 -2.045174 16
55.589342 11.721610 -2.325851 21
40.505059 60.383305 96.914830 46.586194 12.602543 -2.139930 40
47.957296 14.436104 -2.226877 27
55.589342 11.721610 -2.325851 21
36.211939 11.649914 -1.867064 25
14.002044 39.584548 42.107424 57.699373 16.040634 -2.504271 40
55.136878 14.937988 -2.411027 23
54.926889 17.729416 -2.489255 20
63.034350 15.454500 -2.612530 16
14.002044 37.004347 40.374479 52.530807 16.769644 -2.404190 40
54.926889 17.729416 -2.489255 20
55.136878 14.937988 -2.411027 23
47.528654 17.641529 -2.312288 13
14.002044 63.015268 67.801604 51.081913 14.545287 -2.303765 40
55.136878 14.937988 -2.411027 23
54.926889 17.729416 -2.489255 20
43.181971 10.968457 -2.011015 13
14.002044 66.227822 68.889263 50.583307 16.860380 -2.360998 40
54.926889 17.729416 -2.489255 20
55.136878 14.937988 -2.411027 23
41.686155 17.913736 -2.182714 18
16.245816 68.889263 76.102171 50.804125 14.857778 -2.306530 40
55.136878 14.937988 -2.411027 23
55.589342 11.721610 -2.325851 21
41.686155 17.913736 -2.182714 18
39.584548 40.374479 78.310252 55.233295 16.011339 -2.445282 40
55.136878 14.937988 -2.411027 23
63.034350 15.454500 -2.612530 16
47.528654 17.641529 -2.312288 13
39.584548 68.889263 107.468382 53.285795 16.102075 -2.402090 40
55.136878 14.937988 -2.411027 23
63.034350 15.454500 -2.612530 16
41.686155 17.913736 -2.182714 18
43.994525 57.460380 99.745248 54.100126 13.817041 -2.353194 40
55.136878 14.937988 -2.411027 23
63.498071 12.199760 -2.526477 11
43.665426 14.313376 -2.122077 17
43.994525 63.015268 101.799509 53.938974 12.702068 -2.316173 40
55.136878 14.937988 -2.411027 23
63.498071 12.199760 -2.526477 11
43.181971 10.968457 -2.011015 13
24.557284 82.880041 86.988924 18.394919 14.296494 -1.526046 40
13.000587 12.384668 -1.341955 20
12.634057 17.280506 -1.479199 14
29.550114 13.224306 -1.756982 26
42.292064 86.988924 92.190593 17.940816 13.130061 -1.480588 40
12.634057 17.280506 -1.479199 14
11.638278 8.885370 -1.205581 21
29.550114 13.224306 -1.756982 26
48.558763 82.104332 108.495774 14.413127 12.241972 -1.370991 40
12.634057 17.280506 -1.479199 14
4.648630 11.764457 -1.126651 19
25.956694 7.680953 -1.507123 10
48.558763 86.988924 124.761006 15.610933 14.089756 -1.454278 40
12.634057 17.280506 -1.479199 14
4.648630 11.764457 -1.126651 19
29.550114 13.224306 -1.756982 26
71.721089 82.104332 109.620798 14.238807 10.235488 -1.307096 40
12.634057 17.280506 -1.479199 14
4.125672 5.745006 -0.934964 15
25.956694 7.680953 -1.507123 10
71.721089 86.988924 132.572423 15.436614 12.083273 -1.390382 40
12.634057 17.280506 -1.479199 14
4.125672 5.745006 -0.934964 15
29.550114 13.224306 -1.756982 26
33.054449 82.104332 86.988924 22.713621 12.728588 -1.581102 40
25.956694 7.680953 -1.507123 10
29.550114 13.224306 -1.756982 26
12.634057 17.280506 -1.479199 14
73.383344 82.104332 103.647295 18.221353 7.268872 -1.312552 40
25.956694 7.680953 -1.507123 10
16.073310 -3.154841 -0.951334 22
12.634057 17.280506 -1.479199 14
86.988924 103.647295 106.130788 19.419160 9.116657 -1.395839 40
12.634057 17.280506 -1.479199 14
29.550114 13.224306 -1.756982 26
16.073310 -3.154841 -0.951334 22
16.443674 97.043532 99.745248 56.732616 13.989212 -2.420361 40
63.034350 15.454500 -2.612530 16
63.498071 12.199760 -2.526477 11
43.665426 14.313376 -2.122077 17
39.584548 79.121698 96.293440 56.893845 9.911510 -2.302657 40
55.136878 14.937988 -2.411027 23
63.034350 15.454500 -2.612530 16
52.510304 -0.657958 -1.884414 20
38.564854 42.107424 75.581642 55.306179 15.873340 -2.442887 40
54.926889 17.729416 -2.489255 20
47.957296 14.436104 -2.226877 27
63.034350 15.454500 -2.612530 16
42.107424 92.776783 96.293440 56.823847 10.841986 -2.328733 40
54.926889 17.729416 -2.489255 20
63.034350 15.454500 -2.612530 16
52.510304 -0.657958 -1.884414 20
42.107424 58.869476 97.043532 53.875556 15.832431 -2.407954 40
54.926889 17.729416 -2.489255 20
63.034350 15.454500 -2.612530 16
43.665426 14.313376 -2.122077 17
16.175429 75.581642 78.310252 52.840102 15.844044 -2.383898 40
47.957296 14.436104 -2.226877 27
47.528654 17.641529 -2.312288 13
63.034350 15.454500 -2.612530 16
75.581642 78.847611 96.293440 54.500651 9.744215 -2.241274 40
47.957296 14.436104 -2.226877 27
63.034350 15.454500 -2.612530 16
52.510304 -0.657958 -1.884414 20
78.310252 92.753593 120.445671 56.910259 10.077632 -2.307994 40
63.034350 15.454500 -2.612530 16
47.528654 17.641529 -2.312288 13
60.167772 -2.863133 -1.999163 17
78.310252 94.851350 96.293440 54.357770 10.812690 -2.269744 40
47.528654 17.641529 -2.312288 13
63.034350 15.454500 -2.612530 16
52.510304 -0.657958 -1.884414 20
25.513383 78.310252 97.043532 51.409479 15.803135 -2.348965 40
47.528654 17.641529 -2.312288 13
43.665426 14.313376 -2.122077 17
63.034350 15.454500 -2.612530 16
92.753593 97.043532 119.098161 55.622517 8.968248 -2.244590 40
63.034350 15.454500 -2.612530 16
60.167772 -2.863133 -1.999163 17
43.665426 14.313376 -2.122077 17
86.952451 96.293440 97.043532 53.070028 9.703306 -2.206341 40
52.510304 -0.657958 -1.884414 20
43.665426 14.313376 -2.122077 17
63.034350 15.454500 -2.612530 16
29.251377 65.087529 92.607802 39.588308 16.259857 -2.083995 40
41.686155 17.913736 -2.182714 18
47.528654 17.641529 -2.312288 13
29.550114 13.224306 -1.756982 26
35.533032 66.227822 67.801604 46.598338 15.537203 -2.227661 40
41.686155 17.913736 -2.182714 18
43.181971 10.968457 -2.011015 13
54.926889 17.729416 -2.489255 20
35.854963 65.087529 92.265065 39.731188 15.191382 -2.055524 40
41.686155 17.913736 -2.182714 18
47.957296 14.436104 -2.226877 27
29.550114 13.224306 -1.756982 26
41.623944 66.227822 98.437377 44.274994 15.764355 -2.179677 40
41.686155 17.913736 -2.182714 18
36.211939 11.649914 -1.867064 25
54.926889 17.729416 -2.489255 20
41.623944 68.889263 96.080773 44.344991 14.833879 -2.153601 40
41.686155 17.913736 -2.182714 18
36.211939 11.649914 -1.867064 25
55.136878 14.937988 -2.411027 23
65.087529 66.227822 128.919827 42.054385 16.289153 -2.142984 40
41.686155 17.913736 -2.182714 18
29.550114 13.224306 -1.756982 26
54.926889 17.729416 -2.489255 20
65.087529 68.889263 128.262135 42.124382 15.358677 -2.116908 40
41.686155 17.913736 -2.182714 18
29.550114 13.224306 -1.756982 26
55.136878 14.937988 -2.411027 23
29.251377 50.005078 76.102171 48.268051 15.758958 -2.273618 40
47.528654 17.641529 -2.312288 13
41.686155 17.913736 -2.182714 18
55.589342 11.721610 -2.325851 21
37.004347 39.847933 67.801604 48.545839 15.446467 -2.270853 40
47.528654 17.641529 -2.312288 13
54.926889 17.729416 -2.489255 20
43.181971 10.968457 -2.011015 13
37.004347 64.063585 98.437377 46.222495 15.673620 -2.222869 40
47.528654 17.641529 -2.312288 13
54.926889 17.729416 -2.489255 20
36.211939 11.649914 -1.867064 25
38.784145 50.005078 75.907679 47.908077 14.505033 -2.227771 40
47.528654 17.641529 -2.312288 13
40.606230 14.151960 -2.045174 16
55.589342 11.721610 -2.325851 21
40.374479 64.063585 96.080773 46.292492 14.743143 -2.196793 40
47.528654 17.641529 -2.312288 13
55.136878 14.937988 -2.411027 23
36.211939 11.649914 -1.867064 25
50.005078 64.063585 96.914830 46.443314 13.671018 -2.168401 40
47.528654 17.641529 -2.312288 13
55.589342 11.721610 -2.325851 21
36.211939 11.649914 -1.867064 25
30.232135 66.227822 76.102171 50.734128 15.788254 -2.332606 40
54.926889 17.729416 -2.489255 20
55.589342 11.721610 -2.325851 21
41.686155 17.913736 -2.182714 18
42.107424 67.801604 101.809054 53.714404 14.717458 -2.370933 40
54.926889 17.729416 -2.489255 20
63.034350 15.454500 -2.612530 16
43.181971 10.968457 -2.011015 13
51.000894 58.869476 99.745248 54.030128 14.747517 -2.379270 40
54.926889 17.729416 -2.489255 20
63.498071 12.199760 -2.526477 11
43.665426 14.313376 -2.122077 17
51.000894 66.227822 112.752759 53.370370 15.947637 -2.399482 40
54.926889 17.729416 -2.489255 20
63.498071 12.199760 -2.526477 11
41.686155 17.913736 -2.182714 18
51.000894 67.801604 101.799509 53.868977 13.632544 -2.342249 40
54.926889 17.729416 -2.489255 20
63.498071 12.199760 -2.526477 11
43.181971 10.968457 -2.011015 13
