# Planes
# center_x center_y center_z normal_x normal_y normal_z
34.778038 0.660123 -0.342156 0.689494 -0.567088 0.450566
37.580528 5.673645 -1.648980 -0.043657 0.000399 0.999047
32.758572 -1.333727 -1.508422 -0.002074 0.044391 0.999012
39.011433 5.015916 -1.593951 -0.006711 0.056245 0.998394
30.221277 0.772897 -1.529642 0.010451 -0.021560 0.999713
35.297394 -1.701077 -1.296551 0.219336 0.065977 -0.973416
28.879639 2.984027 -1.575867 0.002095 0.030398 0.999536
31.161381 -1.103013 -1.526093 0.001340 0.036193 0.999344
34.907730 -2.834437 -1.335104 -0.063064 0.071546 0.995442
40.879417 4.935920 -1.584102 -0.000608 0.050283 0.998735
29.088327 0.980958 -1.523554 -0.005052 0.000455 0.999987
36.837715 -3.391088 -1.265449 -0.004656 0.020631 0.999776
33.090549 -2.818830 -1.387649 -0.016598 0.121624 0.992437
28.976749 -1.017115 -1.535487 -0.022879 0.017619 0.999583
31.092768 -2.903922 -1.412401 -0.017253 0.103281 0.994503
27.147226 1.053211 -1.551315 0.007752 -0.009631 -0.999924
25.225946 4.963358 -1.680804 0.003178 0.036405 0.999332
36.898712 -8.764631 -1.866262 0.003443 0.998551 0.053703
29.066837 -2.933705 -1.442200 -0.018320 0.113930 0.993320
27.087193 -1.056673 -1.542295 0.026049 0.046177 0.998594
39.514206 0.656429 -1.534894 -0.016037 -0.024899 0.999561
23.172916 2.992952 -1.621600 0.001716 0.026904 0.999637
23.254011 4.985454 -1.688690 -0.000898 0.032390 0.999475
22.954943 6.874774 -1.726657 -0.004958 0.026352 0.999640
46.801811 7.027443 -1.663891 -0.004192 0.020683 0.999777
47.404991 -0.159347 -1.498221 -0.006444 0.064280 0.997911
21.007481 4.998392 -1.714035 -0.016173 0.025946 0.999533
20.624912 6.997349 -1.755703 0.000254 0.015951 0.999873
27.497259 -7.217103 -1.440926 0.841232 0.359873 0.403510
20.673954 2.906069 -1.651490 -0.005203 0.033464 0.999426
20.626295 8.520520 -1.784704 0.010187 0.030567 0.999481
44.771492 8.734867 -1.387856 0.307565 0.031531 0.951005
21.074543 1.002727 -1.587416 -0.007886 0.034406 0.999377
25.108099 -1.178436 -1.409527 0.049951 0.242007 0.968988
21.166033 -0.955946 -1.595989 -0.007244 0.001994 0.999972
19.063326 2.989296 -1.679841 -0.018927 0.032084 0.999306
49.099335 -0.352991 -1.481529 -0.004474 0.071105 0.997459
20.459948 -2.447832 -1.576587 0.011935 0.006692 0.999906
18.961020 1.001017 -1.634733 -0.035942 0.030733 0.998881
50.891865 7.033957 -1.660104 -0.008165 0.039183 0.999199
19.083420 -1.030560 -1.615842 -0.009481 0.007484 0.999927
17.064651 3.001308 -1.709024 -0.012831 0.031221 0.999430
17.127373 4.950553 -1.762331 0.055027 0.009000 -0.998444
50.946342 9.087046 -1.670748 -0.002169 0.000693 0.999997
21.041573 -5.100481 -1.475242 -0.010588 0.006544 0.999923
17.226986 1.017741 -1.653408 -0.004504 0.037915 0.999271
14.696513 6.346353 -1.815298 -0.017631 0.015680 0.999722
19.097460 5.244323 -1.698191 0.030415 -0.075016 0.996718
50.957130 12.895792 -1.666014 0.004465 -0.006533 0.999969
52.750072 8.831838 -1.666203 0.001274 0.002180 0.999997
52.862190 7.036065 -1.650971 0.003590 0.042843 0.999075
19.023310 -2.889749 -1.570470 -0.006202 0.034399 0.999389
15.095366 3.062564 -1.742673 -0.016408 0.037327 0.999168
17.097708 -1.035007 -1.626356 0.005953 0.020700 0.999768
15.112870 1.018874 -1.654268 -0.008247 0.065049 0.997848
13.008533 1.280984 -1.702463 -0.106456 -0.018481 0.994146
13.097628 2.875922 -1.759855 -0.012928 0.043363 0.998976
19.085443 7.004990 -1.543445 0.289551 0.020820 0.956936
12.698313 10.613650 -1.837151 0.022733 -0.000331 0.999741
53.113667 14.825319 -1.695026 0.002615 0.048576 0.998816
15.112867 -1.035102 -1.609346 0.007434 0.018899 0.999794
11.557326 3.503129 -1.811667 -0.020742 0.045811 0.998735
8.938334 4.685638 -1.909507 -0.088844 -0.001158 0.996045
11.081350 -0.938818 -1.714534 0.001305 0.020422 -0.999791
10.659263 0.781049 -1.764586 -0.009153 0.075581 0.997098
8.763607 1.156643 -1.817830 0.006684 -0.040911 -0.999140
9.173946 2.799685 -1.842993 0.022807 0.022489 0.999487
12.691107 5.307481 -1.745932 0.178198 -0.081754 0.980593
12.626980 6.919466 -1.698959 0.352184 0.028989 0.935482
12.437622 8.891173 -1.714256 0.272542 0.041972 0.961228
7.191327 3.083833 -1.864763 -0.019474 0.051292 0.998494
5.234375 3.193617 -1.908970 -0.072922 -0.002037 0.997336
11.372037 5.117473 -1.699113 -0.114866 -0.227222 0.967045
42.388927 -4.927244 -1.048717 -0.342367 -0.289567 0.893832
4.849047 -1.159666 -1.775163 -0.065849 -0.018809 0.997652
7.676908 -0.923959 -1.743023 0.035720 -0.039358 0.998587
6.929217 0.991144 -1.795678 -0.033053 0.023916 0.999167
4.724275 0.783066 -1.780569 -0.074207 -0.015469 0.997123
28.692097 8.160196 -0.495057 0.280572 0.582617 -0.762782
50.786243 -0.487635 -1.193775 -0.281535 0.154378 0.947051
3.653128 -0.863567 -1.697454 -0.076035 -0.007346 0.997078
2.849667 0.916401 -1.801078 0.002877 0.034279 0.999408
11.558069 7.146171 -1.401285 0.294674 0.076902 0.952498
35.016151 -4.324199 -0.596040 -0.060858 0.995981 0.065718
0.510782 -2.627865 -1.686800 -0.058071 -0.019885 0.998114
0.075258 -1.116920 -1.684504 -0.055890 -0.016758 0.998296
-1.460174 0.649534 -1.803782 -0.061060 -0.014129 0.998034
-3.323443 2.795304 -1.891868 -0.056291 -0.006686 0.998392
69.048553 3.035048 -1.539391 0.059409 -0.009073 0.998192
42.838749 -0.165045 -1.370163 -0.026632 0.986829 0.159560
33.037598 -4.465227 -0.628660 -0.057739 0.995110 0.080138
-5.900449 -2.779973 -1.840093 -0.055473 -0.017846 0.998301
68.972717 4.964713 -1.519653 0.058539 -0.006388 0.998265
40.612968 -4.040643 -0.540437 -0.043358 -0.998821 0.021813
-12.985627 2.992825 -1.923048 -0.045859 -0.010040 0.998897
6.328199 8.470150 -1.291813 0.974680 0.218809 0.046065
10.570106 11.275728 -1.786936 -0.754715 0.245850 -0.608246
31.442568 13.352473 -0.754700 0.074362 -0.992499 0.097036
72.764473 4.959639 -1.501448 0.054230 -0.008069 0.998496
72.740524 2.941156 -1.506242 -0.108477 0.011510 0.994032
17.663864 -7.009704 -1.010480 -0.994097 -0.077439 0.075986
-19.630630 -5.044195 -1.935250 -0.040531 -0.017058 0.999033
-15.177938 4.878908 -1.726804 -0.043315 -0.009130 0.999020
27.044436 13.084299 -0.381723 -0.074861 0.997120 0.012175
29.119102 13.200933 -0.704188 -0.068129 0.995061 -0.072192
82.515053 3.294136 -1.471925 0.041599 -0.010068 0.999084
42.501305 -3.839633 -0.580517 0.030413 -0.993750 -0.107410
6.514616 6.888166 -1.227791 -0.985114 -0.107464 -0.134168
23.845850 12.886949 -0.318084 -0.169618 -0.985412 0.013863
25.046228 12.950174 -0.353664 -0.057456 0.998313 0.008421
-19.134256 -2.969054 -1.685462 0.131706 -0.221672 0.966186
12.601559 17.345045 -0.654559 -0.996648 -0.081772 0.002631
50.418358 14.834867 -0.914663 0.650795 0.753841 -0.090493
58.460918 10.418359 -0.528280 -0.450669 0.001326 -0.892690
44.081738 18.300482 -0.343189 -0.999536 -0.008587 -0.029227
-11.239809 5.035186 -2.109454 -0.055204 -0.007781 0.998445
-12.408048 4.754301 -1.783302 -0.850494 0.524014 -0.045486
10.654090 12.070974 -0.922804 -0.073403 0.997296 -0.003503
58.478107 -0.250232 -0.617582 0.447144 0.018769 -0.894265
57.264027 -2.923952 -0.321380 0.494058 -0.774132 0.395759
13.015192 -8.811529 -0.339925 -0.067516 0.996667 -0.045778
41.671078 17.784033 -0.518977 -0.856533 0.514318 0.042767
-22.819500 16.902439 -0.916259 -0.609979 0.749478 -0.257310
7.173843 11.826043 -0.964405 0.103513 -0.994217 0.028595
9.432158 12.063603 -0.888867 -0.004942 0.998002 0.062986
60.926720 15.352982 -0.830667 -0.052411 0.992040 -0.114496
65.014641 15.673877 -0.666441 0.065155 -0.987775 0.141615
66.934624 15.817973 -0.642133 0.069316 -0.987344 0.142642
68.905998 15.936067 -0.633651 0.041334 -0.998286 0.041425
18.837627 -6.648121 -1.545004 0.006032 -0.092915 0.995656
49.018730 14.772924 0.521196 -0.086583 0.869606 0.486096
18.811314 -5.234341 -1.483443 0.002773 0.013112 0.999910
61.287849 4.920468 -1.539120 -0.018398 0.033643 0.999265
78.612129 16.686728 0.717528 0.080534 0.996443 0.024826
94.390465 20.744434 0.981095 -0.985691 -0.168533 0.003107
74.128006 13.009833 0.987058 -0.966718 -0.163473 0.196805
94.489998 19.244440 1.479555 -0.999327 -0.033917 0.013964
68.718643 -2.036426 0.679314 -0.043864 0.999034 -0.002720
40.850723 2.946448 -1.505630 -0.001502 0.022156 0.999753
8.748744 -9.024989 0.852516 0.264436 -0.964307 0.013585
55.048252 3.139623 -1.504610 0.007734 -0.017994 0.999808
64.689819 8.791492 -1.475287 0.201027 -0.221634 0.954184
41.812088 18.071754 -0.445169 0.465152 0.883272 -0.058854
18.298414 17.164778 1.025851 0.904619 -0.010279 0.426098
40.105679 12.066771 -0.501240 0.280494 -0.955289 0.093525
12.865168 14.218120 -0.684611 -0.991946 -0.068872 -0.106299
42.965736 8.799294 -1.370604 0.335463 0.022231 -0.941791
69.426720 16.068605 0.805214 -0.053293 0.997436 0.047755
70.893028 16.190783 0.932498 0.156264 -0.984687 0.077290
72.781212 16.347322 1.031998 0.030288 0.999383 0.017797
4.705107 12.147821 0.526614 0.607552 -0.792232 -0.056997
62.799026 -2.594410 0.640933 -0.020432 0.998875 0.042781
67.052208 15.912877 0.928780 0.014999 -0.998667 -0.049383
71.473183 9.067604 -1.651311 0.056093 0.000057 0.998426
39.639141 -3.962593 0.378017 0.005584 0.999973 0.004712
70.497147 7.232605 -1.598011 0.060726 -0.005260 0.998141
41.589867 0.020376 0.301111 -0.025935 0.997667 0.063146
54.923588 16.918179 -0.811531 -0.994469 -0.042038 0.096251
67.311157 6.898569 -1.587853 0.062601 -0.001636 0.998037
35.016167 -4.317220 0.305786 -0.065788 0.996361 -0.054195
59.140026 5.102759 -1.552465 0.000616 0.038725 0.999250
27.220299 -6.699670 0.752391 0.953689 0.077605 0.290611
31.858765 10.088990 0.427627 0.422382 0.905759 -0.034565
60.652260 7.000376 -1.648681 0.077739 0.006127 0.996955
29.011862 -4.716463 0.359909 -0.016781 0.939458 0.342252
74.788818 -1.750773 0.754574 -0.077606 0.996327 -0.036204
17.842653 9.121149 0.928651 -0.237958 0.967494 0.085619
42.919891 2.984947 -1.507779 0.013201 0.018414 0.999743
10.884456 -8.917873 0.692708 0.058442 0.998221 0.011798
4.362234 -9.400152 0.934110 0.027564 -0.999065 0.033313
3.010326 -9.518677 0.853232 0.126274 -0.991882 -0.014964
57.018089 5.009097 -1.535007 0.001810 0.050591 0.998718
33.698265 3.090602 -0.356160 -0.178416 0.166941 0.969690
0.974352 -9.669054 0.926823 0.007685 -0.999916 0.010454
96.747223 17.736315 1.201808 -0.072704 0.997183 -0.018441
54.950417 4.913593 -1.527341 0.003711 0.050414 0.998722
23.767920 -6.451024 0.781415 0.938926 -0.030033 0.342807
30.475769 3.866548 -1.604793 0.005114 0.070839 0.997475
41.808754 18.058746 0.698491 -0.179200 -0.983813 0.000309
44.211357 16.809191 0.715795 -0.998188 -0.059716 0.007427
24.628311 -10.320833 0.851390 -0.057587 0.948000 0.313016
58.862473 7.028069 -1.643912 0.075386 0.011796 0.997085
27.116407 -4.797279 0.385238 -0.123153 0.991114 0.050259
34.854210 14.040592 0.774370 -0.047036 0.997873 -0.045133
45.003803 -3.796977 0.633756 -0.138010 0.913185 0.383467
3.299242 11.538148 0.744935 0.163535 -0.986428 0.014720
40.899597 6.930369 -1.656390 -0.003371 0.007002 0.999970
66.179016 2.712335 -1.539540 0.060336 -0.010663 0.998121
60.393124 -4.327492 1.042844 -0.998145 -0.051802 0.031971
43.169842 11.117576 0.501682 -0.651864 -0.757513 -0.035323
8.628653 11.973719 0.873354 0.024424 -0.999702 0.000330
50.859581 -3.307063 0.646670 -0.035913 0.997317 0.063785
43.024654 7.165249 -1.581502 0.085613 0.139838 -0.986466
64.601913 7.194006 -1.625008 0.060265 0.006806 0.998159
33.043785 -4.500223 0.319076 0.073770 -0.968845 -0.236426
31.275854 13.450969 0.535924 -0.123252 -0.992120 0.022501
73.554955 -1.838019 0.814831 0.111812 -0.992717 -0.044850
36.938526 13.776048 0.517890 -0.085505 0.995444 0.042188
79.195717 -1.464240 1.010349 0.064770 -0.997804 -0.013887
60.724300 15.430336 0.910733 0.118979 -0.992858 0.008832
56.822487 15.142755 0.695679 0.052384 -0.996100 0.071001
-18.352062 11.252552 2.169783 0.659275 -0.315069 0.682707
4.091468 6.497764 1.038947 -0.999482 -0.014817 -0.028577
54.995468 -3.099803 0.478120 -0.011241 -0.999837 0.014114
35.095909 13.749370 0.456440 0.072926 0.992646 -0.096618
76.898453 -1.610148 1.059450 -0.118418 0.992681 -0.023690
9.324139 -5.871056 -1.226649 0.179110 0.952654 -0.245701
53.022820 11.038252 -1.667188 -0.008923 -0.003464 0.999954
65.129776 15.753987 0.889727 0.134699 -0.989903 -0.044133
27.038185 -2.863317 -1.423894 0.055279 0.063300 0.996462
59.360954 3.018030 -1.548432 0.072496 -0.009438 0.997324
82.928749 6.941858 -1.456295 0.039918 -0.006881 0.999179
41.046398 -3.934292 0.351510 -0.046559 0.996702 -0.066460
36.261700 11.587598 0.623567 -0.177757 0.953464 0.243535
44.074715 18.702829 0.694555 -0.999075 -0.042470 0.006692
9.428853 12.055103 0.800728 -0.052662 0.998611 0.001826
36.946716 6.878357 -1.669593 -0.006799 -0.000804 0.999977
42.736954 -3.830814 0.377243 0.057375 -0.996643 0.058399
54.799095 18.847439 1.318221 0.689050 0.072572 0.721071
32.435070 10.630575 0.446934 -0.855080 0.505243 0.116483
17.062874 -8.394213 -0.682346 -0.241176 0.968664 0.059369
39.506935 3.440988 -1.517669 -0.026171 0.017742 0.999500
54.962925 16.951611 0.740740 -0.999309 -0.031910 0.019081
63.110237 3.016444 -1.535808 0.071430 -0.008231 0.997412
54.610767 21.011803 1.384058 0.122410 -0.063407 0.990452
44.948330 7.016713 -1.623908 0.082636 -0.056995 0.994949
54.570507 22.689499 1.434536 -0.995339 -0.073834 -0.062042
49.078037 -3.489156 0.673789 0.171479 -0.926773 -0.334194
69.501587 -1.949199 0.783095 0.098126 -0.995171 -0.002458
27.064947 13.174460 0.528444 0.112861 0.993307 -0.024561
46.816422 -3.590358 0.663839 0.000589 -0.999963 -0.008634
50.430485 14.830794 0.390128 -0.330204 -0.895726 -0.297725
71.190376 -1.862050 0.810739 -0.090052 0.994666 -0.050303
28.857174 13.266810 0.462847 0.212919 -0.968674 0.127816
57.156036 7.113815 -1.654592 0.006937 0.049791 0.998736
55.002300 9.046391 -1.496855 -0.235250 -0.122605 0.964171
23.892160 -2.464172 0.497317 -0.940845 0.316208 -0.121751
68.698639 -2.065641 -0.735537 -0.050286 0.998137 -0.034548
45.289059 -4.092534 0.747474 -0.026924 0.003343 0.999632
40.302277 -4.020446 0.236890 -0.032757 0.999429 -0.008271
15.005656 -8.663500 -0.293271 -0.068889 0.987963 -0.138505
12.924085 13.062329 0.709314 -0.997601 -0.060845 -0.033020
0.918484 2.910991 -1.914727 0.000489 0.057673 0.998335
36.969967 -4.198368 0.302917 -0.060467 0.996498 -0.057749
42.604404 0.068620 0.221641 -0.028039 0.982736 0.182875
32.093933 9.923745 0.453070 0.535389 -0.840841 0.079658
65.799675 4.580251 -1.500720 0.064350 -0.005976 0.997909
10.845589 12.128644 0.693062 0.063150 -0.997968 -0.008484
43.430962 10.765820 -0.531926 0.413300 -0.661652 0.625619
40.762955 14.198874 0.471978 -0.033608 0.990377 0.134250
12.788497 14.667580 1.290272 0.992883 0.069970 0.096370
4.110467 5.547541 1.029991 -0.998173 -0.055171 -0.024629
12.608902 17.142826 1.140287 -0.998222 -0.059500 0.003623
37.130028 -1.315916 0.275078 -0.323034 0.915670 -0.239159
63.197384 9.186925 -1.523738 0.353190 0.182060 -0.917666
36.982922 8.885790 -1.679561 -0.020167 -0.001422 0.999796
4.575278 -3.451893 1.114756 -0.998904 0.045376 0.011445
24.142738 -2.442661 0.435177 0.892842 0.432211 -0.126600
55.018551 6.910758 -1.636737 -0.001162 0.053136 0.998587
23.607683 -5.015469 0.459056 0.072937 -0.996753 0.034113
52.753960 12.947570 -1.662093 -0.006435 -0.004859 0.999968
57.084286 2.822925 -1.527373 0.009494 -0.025447 0.999631
32.886642 13.469251 -0.551391 0.074052 -0.992976 0.092274
52.910156 2.998681 -1.507231 -0.004618 -0.011184 0.999927
52.867859 1.025174 -1.417416 0.007120 0.256253 0.966583
50.981396 0.794044 -1.441230 -0.071239 0.147106 0.986552
63.054684 5.059581 -1.535179 -0.012722 0.039945 0.999121
29.179989 4.943440 -1.646710 -0.003439 0.041036 0.999152
15.018162 5.016429 -1.803695 -0.019002 0.004736 0.999808
94.476593 18.959564 2.408224 -0.996147 -0.067109 0.056451
-24.608099 9.343551 -0.934268 -0.996145 0.014864 -0.086459
63.151199 16.386221 0.669928 0.588326 -0.808575 -0.008911
62.922562 6.852815 -1.623984 -0.011136 0.054766 0.998437
31.107475 -4.547046 0.332580 0.005169 -0.998330 0.057533
36.987045 -4.224064 -0.574487 -0.083393 0.996514 -0.002329
35.105198 22.907911 0.553812 0.398140 -0.915497 -0.057887
34.546078 17.488111 0.542050 -0.092413 0.995713 -0.003910
33.106552 17.411869 0.571697 -0.072505 0.996179 0.048686
-3.651304 12.872171 0.716713 -0.876449 0.356161 0.324016
47.576141 17.071121 -0.362253 -0.997464 -0.071120 0.002857
25.251133 2.988169 -1.611126 0.002891 0.034143 0.999413
48.989277 12.947007 -1.667492 -0.003788 -0.015631 0.999871
51.039848 4.919389 -1.559382 -0.004475 0.044251 0.999010
61.357952 2.977173 -1.540944 0.094147 -0.004442 0.995548
46.835899 4.881292 -1.577014 -0.001146 0.037873 0.999282
44.909874 4.987098 -1.582339 0.003011 0.045254 0.998971
44.829201 2.981036 -1.505832 -0.005538 -0.011764 -0.999915
48.802135 2.992665 -1.512393 0.003546 0.001053 0.999993
16.662239 -8.529686 0.567602 0.066090 -0.997753 0.011020
48.905262 0.930102 -1.532220 0.004984 0.005304 0.999974
23.192713 -1.019420 -1.491065 -0.109408 0.168683 0.979580
32.351337 5.784274 -1.684497 0.038373 -0.034295 0.998675
47.745506 14.804112 -0.781474 -0.998354 -0.047103 0.032725
25.132500 1.089080 -1.562863 -0.016088 0.026090 0.999530
47.624542 13.105108 -1.682415 -0.011459 -0.018863 0.999756
49.015106 10.965300 -1.689664 -0.009600 0.008699 0.999916
50.857578 10.951783 -1.676492 -0.007772 0.004658 0.999959
46.850784 2.977695 -1.515516 0.007283 0.009191 0.999931
50.758678 2.982960 -1.505758 0.001235 -0.003982 0.999991
46.915760 1.009915 -1.534728 0.002183 -0.001007 0.999997
23.109947 1.155469 -1.579837 -0.007521 0.024789 0.999664
48.823803 8.903332 -1.677398 0.005754 0.007533 0.999955
16.137728 -2.894739 0.614283 0.957963 -0.263555 -0.113343
47.511986 10.857180 -1.697615 -0.005433 0.011770 0.999916
47.187046 8.934383 -1.677286 0.012769 0.013494 0.999827
62.967297 -2.599915 -0.602469 -0.041917 0.998583 -0.032796
27.051804 2.821583 -1.591089 -0.020677 0.026018 0.999448
26.987244 5.158204 -1.677892 -0.011034 0.036628 0.999268
-29.681456 -9.210423 -0.815971 0.792335 0.609277 -0.031419
30.734596 4.986203 -1.646790 -0.003253 0.039694 0.999207
48.907150 33.060219 -1.111818 0.051884 -0.998613 0.008959
73.296303 10.396792 -1.402728 0.452844 0.078784 -0.888102
44.227169 16.531431 -0.293783 0.999876 0.004404 -0.015105
48.851383 6.972038 -1.664384 -0.012977 0.027455 0.999539
2.805546 2.747721 -1.896793 -0.062665 0.000831 0.998034
4.733246 12.177445 -0.842631 -0.980655 0.195324 0.012839
35.324085 20.420179 0.628409 -0.996811 0.043232 0.067080
53.001709 4.994262 -1.546682 -0.018534 0.045554 0.998790
48.901653 5.060361 -1.580312 -0.006863 0.044747 0.998975
42.259865 -0.141988 0.323674 -0.161305 -0.705349 0.690263
75.606964 10.559677 -0.900808 0.969329 0.126907 -0.210465
41.076248 14.244612 -0.241103 -0.118999 0.992525 0.027084
42.910324 4.942523 -1.587720 0.006825 0.051204 0.998665
94.102119 12.615438 -0.873865 -0.998445 -0.012747 0.054267
20.409487 -6.410645 -1.534147 -0.099159 -0.063021 0.993074
47.557892 17.168394 0.415852 -0.995786 -0.068056 -0.061470
47.735310 14.995249 0.520831 -0.991492 -0.129886 -0.008599
41.733200 17.992128 0.388967 -0.024585 0.999698 -0.000123
38.873711 13.896695 0.518452 -0.053819 0.998551 -0.000080
80.328552 -1.305954 1.070230 -0.340844 0.935516 -0.092925
62.683029 15.512603 -0.814847 0.039912 -0.998770 0.029418
72.697334 16.381615 -0.382314 -0.240733 -0.969721 0.041088
0.983424 -9.651481 -0.317056 -0.048316 0.998826 -0.003546
2.974537 -9.522387 -0.282674 -0.094234 0.995543 -0.003639
8.528304 -9.139624 -0.328766 0.271531 -0.960066 0.067412
23.848772 12.887164 0.581555 -0.228289 -0.973328 -0.022707
